 1 -0.240505 
 2 -0.263369 
 3 -0.280119 
 4 -0.307734 
 5 -0.376632 
 6 -0.318345 
 7 -0.34322 
 8 -0.406711 
 9 -0.450022 
 10 -0.545122 
 11 -0.541201 
 12 -0.540451 
 13 -0.435783 
 14 -0.436178 
 15 -0.439033 
 16 -0.439225 
 17 -0.417087 
 18 -0.400667 
 19 -0.397115 
 20 -0.402717 
 21 -0.474281 
 22 -0.481569 
 23 -0.524171 
 24 -0.522731 
 25 -0.541364 
 26 -0.489179 
 27 -0.458875 
 28 -0.412795 
 29 -0.477627 
 30 -0.396275 
 31 -0.465032 
 32 -0.500284 
 33 -0.430442 
 34 -0.471682 
 35 -0.446974 
 36 -0.447173 
 37 -0.310655 
 38 -0.434613 
 39 -0.453014 
 40 -0.37892 
 41 -0.373214 
 42 -0.4005 
 43 -0.409063 
 44 -0.420811 
 45 -0.416232 
 46 -0.37311 
 47 -0.325488 
 48 -0.379927 
 49 -0.389783 
 50 -0.393251 
 51 -0.422026 
 52 -0.399838 
 53 -0.351625 
 54 -0.405665 
 55 -0.399322 
 56 -0.286001 
 57 -0.386999 
 58 -0.463136 
 59 -0.362909 
 60 -0.376665 
 61 -0.373632 
 62 -0.352681 
 63 -0.344719 
 64 -0.479105 
 65 -0.522177 
 66 -0.461735 
 67 -0.468725 
 68 -0.400029 
 69 -0.434335 
 70 -0.430855 
 71 -0.391635 
 72 -0.43002 
 73 -0.458503 
 74 -0.44286 
 75 -0.43034 
 76 -0.414613 
 77 -0.397237 
 78 -0.411167 
 79 -0.44481 
 80 -0.369814 
 81 -0.334209 
 82 -0.414282 
 83 -0.436994 
 84 -0.446304 
 85 -0.41697 
 86 -0.405188 
 87 -0.447337 
 88 -0.449205 
 89 -0.418721 
 90 -0.475238 
 91 -0.415603 
 92 -0.418119 
 93 -0.38599 
 94 -0.398326 
 95 -0.401712 
 96 -0.360014 
 97 -0.390446 
 98 -0.420469 
 99 -0.412477 
 100 -0.416124 
 101 -0.394129 
 102 -0.391941 
 103 -0.382439 
 104 -0.415915 
 105 -0.410879 
 106 -0.428187 
 107 -0.432939 
 108 -0.405396 
 109 -0.4208 
 110 -0.420301 
 111 -0.456478 
 112 -0.437047 
 113 -0.464568 
 114 -0.421312 
 115 -0.474981 
 116 -0.46613 
 117 -0.467414 
 118 -0.40712 
 119 -0.403235 
 120 -0.397409 
 121 -0.385505 
 122 -0.365858 
 123 -0.42975 
 124 -0.437586 
 125 -0.44337 
 126 -0.433515 
 127 -0.4183 
 128 -0.407522 
 129 -0.402091 
 130 -0.360019 
 131 -0.400534 
 132 -0.535559 
 133 -0.467286 
 134 -0.424016 
 135 -0.357608 
 136 -0.398642 
 137 -0.360981 
 138 -0.412326 
 139 -0.378121 
 140 -0.362023 
 141 -0.358036 
 142 -0.420745 
 143 -0.373099 
 144 -0.345183 
 145 -0.349455 
 146 -0.355163 
 147 -0.405404 
 148 -0.480219 
 149 -0.381062 
 150 -0.431146 
 151 -0.405526 
 152 -0.406423 
 153 -0.416455 
 154 -0.494946 
 155 -0.520092 
 156 -0.491898 
 157 -0.484543 
 158 -0.462628 
 159 -0.470698 
 160 -0.46128 
 161 -0.396682 
 162 -0.459139 
 163 -0.404233 
 164 -0.465231 
 165 -0.43425 
 166 -0.511136 
 167 -0.490056 
 168 -0.38323 
 169 -0.452084 
 170 -0.45655 
 171 -0.454111 
 172 -0.446088 
 173 -0.405693 
 174 -0.438193 
 175 -0.365182 
 176 -0.430564 
 177 -0.467139 
 178 -0.363459 
 179 -0.398694 
 180 -0.406134 
 181 -0.394803 
 182 -0.366886 
 183 -0.409619 
 184 -0.437015 
 185 -0.450928 
 186 -0.424563 
 187 -0.341746 
 188 -0.448901 
 189 -0.411452 
 190 -0.416125 
 191 -0.397994 
 192 -0.394574 
 193 -0.434582 
 194 -0.390629 
 195 -0.361656 
 196 -0.382726 
 197 -0.34114 
 198 -0.332662 
 199 -0.375289 
 200 -0.363743 
 201 -0.388446 
 202 -0.486537 
 203 -0.483485 
 204 -0.446349 
 205 -0.419406 
 206 -0.389061 
 207 -0.417175 
 208 -0.383972 
 209 -0.359102 
 210 -0.377555 
 211 -0.379023 
 212 -0.399325 
 213 -0.368798 
 214 -0.350628 
 215 -0.322348 
 216 -0.332827 
 217 -0.346906 
 218 -0.363783 
 219 -0.42753 
 220 -0.377436 
 221 -0.474261 
 222 -0.378483 
 223 -0.379339 
 224 -0.380338 
 225 -0.388467 
 226 -0.409657 
 227 -0.444536 
 228 -0.458648 
 229 -0.413564 
 230 -0.349338 
 231 -0.355453 
 232 -0.352373 
 233 -0.316722 
 234 -0.390892 
 235 -0.406645 
 236 -0.475612 
 237 -0.428451 
 238 -0.417928 
 239 -0.430859 
 240 -0.407876 
 241 -0.435814 
 242 -0.355195 
 243 -0.341315 
 244 -0.350458 
 245 -0.39784 
 246 -0.400404 
 247 -0.410448 
 248 -0.463405 
 249 -0.485993 
 250 -0.449317 
 251 -0.448082 
 252 -0.426571 
 253 -0.477762 
 254 -0.476349 
 255 -0.379612 
 256 -0.392216 
 257 -0.38599 
 258 -0.331687 
 259 -0.353584 
 260 -0.369891 
 261 -0.341687 
 262 -0.359158 
 263 -0.439626 
 264 -0.499091 
 265 -0.44234 
 266 -0.444777 
 267 -0.446221 
 268 -0.408861 
 269 -0.464438 
 270 -0.496563 
 271 -0.455876 
 272 -0.407688 
 273 -0.422507 
 274 -0.536079 
 275 -0.524357 
 276 -0.435855 
 277 -0.395716 
 278 -0.358969 
 279 -0.360516 
 280 -0.342319 
 281 -0.314682 
 282 -0.350279 
 283 -0.385914 
 284 -0.378354 
 285 -0.402942 
 286 -0.406394 
 287 -0.390857 
 288 -0.385311 
 289 -0.314955 
 290 -0.368588 
 291 -0.380314 
 292 -0.356608 
 293 -0.328264 
 294 -0.382292 
 295 -0.405029 
 296 -0.409795 
 297 -0.400024 
 298 -0.398398 
 299 -0.310066 
 300 -0.333116 
 301 -0.357439 
 302 -0.350676 
 303 -0.362121 
 304 -0.393242 
 305 -0.446251 
 306 -0.400382 
 307 -0.398104 
 308 -0.374234 
 309 -0.435393 
 310 -0.475278 
 311 -0.428037 
 312 -0.518917 
 313 -0.54689 
 314 -0.478042 
 315 -0.456074 
 316 -0.438152 
 317 -0.420515 
 318 -0.464405 
 319 -0.450683 
 320 -0.428208 
 321 -0.466638 
 322 -0.448461 
 323 -0.456405 
 324 -0.49865 
 325 -0.416159 
 326 -0.355545 
 327 -0.342637 
 328 -0.399844 
 329 -0.43282 
 330 -0.416636 
 331 -0.367426 
 332 -0.347558 
 333 -0.402973 
 334 -0.357639 
 335 -0.351038 
 336 -0.310478 
 337 -0.354114 
 338 -0.385077 
 339 -0.410699 
 340 -0.369069 
 341 -0.376208 
 342 -0.423473 
 343 -0.385888 
 344 -0.347906 
 345 -0.430751 
 346 -0.374153 
 347 -0.400719 
 348 -0.380641 
 349 -0.328942 
 350 -0.39748 
 351 -0.376493 
 352 -0.370752 
 353 -0.429732 
 354 -0.506775 
 355 -0.393145 
 356 -0.366066 
 357 -0.336854 
 358 -0.388742 
 359 -0.384018 
 360 -0.416201 
 361 -0.433367 
 362 -0.359955 
 363 -0.396059 
 364 -0.341885 
 365 -0.398889 
 366 -0.500936 
 367 -0.486249 
 368 -0.490289 
 369 -0.411755 
 370 -0.475099 
 371 -0.485434 
 372 -0.469754 
 373 -0.406843 
 374 -0.517137 
 375 -0.491274 
 376 -0.450191 
 377 -0.453051 
 378 -0.428092 
 379 -0.398276 
 380 -0.443525 
 381 -0.412907 
 382 -0.45672 
 383 -0.468886 
 384 -0.42996 
 385 -0.47006 
 386 -0.498949 
 387 -0.521534 
 388 -0.436274 
 389 -0.44842 
 390 -0.403026 
 391 -0.384466 
 392 -0.368946 
 393 -0.362912 
 394 -0.462448 
 395 -0.454286 
 396 -0.418826 
 397 -0.389656 
 398 -0.491093 
 399 -0.469685 
 400 -0.430182 
 401 -0.450653 
 402 -0.41645 
 403 -0.417293 
 404 -0.39401 
 405 -0.377346 
 406 -0.363166 
 407 -0.420015 
 408 -0.429553 
 409 -0.456732 
 410 -0.428562 
 411 -0.407172 
 412 -0.394188 
 413 -0.497638 
 414 -0.481775 
 415 -0.436046 
 416 -0.429813 
 417 -0.339368 
 418 -0.315947 
 419 -0.393282 
 420 -0.352673 
 421 -0.322757 
 422 -0.352693 
 423 -0.361567 
 424 -0.366547 
 425 -0.43575 
 426 -0.445521 
 427 -0.354151 
 428 -0.392157 
 429 -0.419811 
 430 -0.402924 
 431 -0.360804 
 432 -0.407452 
 433 -0.383835 
 434 -0.381324 
 435 -0.42492 
 436 -0.409958 
 437 -0.390935 
 438 -0.342182 
 439 -0.363093 
 440 -0.359029 
 441 -0.36874 
 442 -0.396352 
 443 -0.431671 
 444 -0.427642 
 445 -0.476413 
 446 -0.414753 
 447 -0.465269 
 448 -0.395998 
 449 -0.317292 
 450 -0.368088 
 451 -0.359411 
 452 -0.378626 
 453 -0.435434 
 454 -0.450955 
 455 -0.460975 
 456 -0.416436 
 457 -0.445983 
 458 -0.429408 
 459 -0.424609 
 460 -0.4246 
 461 -0.43217 
 462 -0.371747 
 463 -0.508097 
 464 -0.489772 
 465 -0.380043 
 466 -0.377648 
 467 -0.424417 
 468 -0.428055 
 469 -0.396115 
 470 -0.402014 
 471 -0.409749 
 472 -0.428545 
 473 -0.442191 
 474 -0.470653 
 475 -0.42032 
 476 -0.373931 
 477 -0.391785 
 478 -0.438261 
 479 -0.486402 
 480 -0.475387 
 481 -0.489355 
 482 -0.461815 
 483 -0.473042 
 484 -0.422582 
 485 -0.44544 
 486 -0.448161 
 487 -0.44439 
 488 -0.41476 
 489 -0.462419 
 490 -0.435106 
 491 -0.424698 
 492 -0.495458 
 493 -0.44574 
 494 -0.426287 
 495 -0.434695 
 496 -0.440903 
 497 -0.388322 
 498 -0.317034 
 499 -0.394641 
 500 -0.331708 
 501 -0.371254 
 502 -0.374505 
 503 -0.39625 
 504 -0.465262 
 505 -0.453657 
 506 -0.453574 
 507 -0.507638 
 508 -0.42924 
 509 -0.378464 
 510 -0.401606 
 511 -0.531607 
 512 -0.454431 
 513 -0.517243 
 514 -0.5557 
 515 -0.480799 
 516 -0.502305 
 517 -0.487525 
 518 -0.371056 
 519 -0.355085 
 520 -0.317646 
 521 -0.376054 
 522 -0.36357 
 523 -0.317748 
 524 -0.335763 
 525 -0.360417 
 526 -0.425901 
 527 -0.396378 
 528 -0.515101 
 529 -0.465224 
 530 -0.348717 
 531 -0.357484 
 532 -0.421375 
 533 -0.471192 
 534 -0.368163 
 535 -0.424948 
 536 -0.406502 
 537 -0.503889 
 538 -0.471375 
 539 -0.552402 
 540 -0.416172 
 541 -0.412745 
 542 -0.401889 
 543 -0.328435 
 544 -0.341399 
 545 -0.36377 
 546 -0.369117 
 547 -0.45648 
 548 -0.511804 
 549 -0.449142 
 550 -0.408407 
 551 -0.489499 
 552 -0.419873 
 553 -0.3966 
 554 -0.401943 
 555 -0.42693 
 556 -0.473205 
 557 -0.357392 
 558 -0.375539 
 559 -0.359332 
 560 -0.333292 
 561 -0.327621 
 562 -0.378446 
 563 -0.424682 
 564 -0.502167 
 565 -0.497886 
 566 -0.433378 
 567 -0.423165 
 568 -0.439642 
 569 -0.500538 
 570 -0.465499 
 571 -0.42888 
 572 -0.417994 
 573 -0.37783 
 574 -0.397376 
 575 -0.367995 
 576 -0.349019 
 577 -0.424086 
 578 -0.431629 
 579 -0.454689 
 580 -0.414522 
 581 -0.386658 
 582 -0.416761 
 583 -0.377872 
 584 -0.419165 
 585 -0.419722 
 586 -0.447974 
 587 -0.491008 
 588 -0.465577 
 589 -0.43337 
 590 -0.409968 
 591 -0.405425 
 592 -0.419805 
 593 -0.443513 
 594 -0.415958 
 595 -0.342854 
 596 -0.393922 
 597 -0.437533 
 598 -0.468077 
 599 -0.411463 
 600 -0.396416 
 601 -0.333003 
 602 -0.396363 
 603 -0.371188 
 604 -0.357472 
 605 -0.317733 
 606 -0.304175 
 607 -0.271567 
 608 -0.346281 
 609 -0.392543 
 610 -0.368654 
 611 -0.365952 
 612 -0.422378 
 613 -0.517876 
 614 -0.482411 
 615 -0.455043 
 616 -0.486003 
 617 -0.499214 
 618 -0.471368 
 619 -0.390696 
 620 -0.364242 
 621 -0.418656 
 622 -0.428803 
 623 -0.437937 
 624 -0.357765 
 625 -0.366461 
 626 -0.414747 
 627 -0.374035 
 628 -0.385207 
 629 -0.37946 
 630 -0.406762 
 631 -0.412014 
 632 -0.466967 
 633 -0.471887 
 634 -0.442641 
 635 -0.479637 
 636 -0.395838 
 637 -0.423121 
 638 -0.40672 
 639 -0.436614 
 640 -0.431527 
 641 -0.45851 
 642 -0.432165 
 643 -0.355074 
 644 -0.43279 
 645 -0.439224 
 646 -0.455656 
 647 -0.423258 
 648 -0.413387 
 649 -0.432223 
 650 -0.434947 
 651 -0.404381 
 652 -0.502962 
 653 -0.482962 
 654 -0.395954 
 655 -0.467089 
 656 -0.382871 
 657 -0.417287 
 658 -0.414154 
 659 -0.370481 
 660 -0.401014 
 661 -0.36464 
 662 -0.353312 
 663 -0.408297 
 664 -0.433288 
 665 -0.435906 
 666 -0.399344 
 667 -0.40227 
 668 -0.427342 
 669 -0.39053 
 670 -0.403343 
 671 -0.432369 
 672 -0.459984 
 673 -0.394141 
 674 -0.407093 
 675 -0.402314 
 676 -0.509675 
 677 -0.459495 
 678 -0.53792 
 679 -0.405231 
 680 -0.331909 
 681 -0.391723 
 682 -0.411768 
 683 -0.43651 
 684 -0.443057 
 685 -0.390127 
 686 -0.338438 
 687 -0.417494 
 688 -0.370713 
 689 -0.452873 
 690 -0.382858 
 691 -0.416281 
 692 -0.399776 
 693 -0.412824 
 694 -0.388664 
 695 -0.459066 
 696 -0.412909 
 697 -0.423553 
 698 -0.420424 
 699 -0.483851 
 700 -0.392613 
 701 -0.393296 
 702 -0.415334 
 703 -0.416436 
 704 -0.445071 
 705 -0.45761 
 706 -0.410885 
 707 -0.448707 
 708 -0.457091 
 709 -0.440156 
 710 -0.430748 
 711 -0.397353 
 712 -0.418768 
 713 -0.460567 
 714 -0.422493 
 715 -0.473025 
 716 -0.404204 
 717 -0.430034 
 718 -0.402897 
 719 -0.369402 
 720 -0.348119 
 721 -0.356847 
 722 -0.356953 
 723 -0.447116 
 724 -0.480811 
 725 -0.479723 
 726 -0.524604 
 727 -0.517773 
 728 -0.43585 
 729 -0.447082 
 730 -0.456266 
 731 -0.428069 
 732 -0.410141 
 733 -0.386149 
 734 -0.365859 
 735 -0.425603 
 736 -0.378244 
 737 -0.448325 
 738 -0.447632 
 739 -0.426092 
 740 -0.419154 
 741 -0.410487 
 742 -0.403414 
 743 -0.426527 
 744 -0.426209 
 745 -0.439199 
 746 -0.411519 
 747 -0.389135 
 748 -0.336925 
 749 -0.365005 
 750 -0.39006 
 751 -0.407278 
 752 -0.459345 
 753 -0.453687 
 754 -0.476634 
 755 -0.453909 
 756 -0.370947 
 757 -0.298538 
 758 -0.361292 
 759 -0.377543 
 760 -0.414944 
 761 -0.425009 
 762 -0.414725 
 763 -0.449969 
 764 -0.400776 
 765 -0.390742 
 766 -0.393191 
 767 -0.455636 
 768 -0.413826 
 769 -0.439742 
 770 -0.378603 
 771 -0.388004 
 772 -0.39599 
 773 -0.468666 
 774 -0.437236 
 775 -0.396985 
 776 -0.39708 
 777 -0.336303 
 778 -0.374943 
 779 -0.328191 
 780 -0.364013 
 781 -0.404267 
 782 -0.458978 
 783 -0.414947 
 784 -0.478301 
 785 -0.440287 
 786 -0.359271 
 787 -0.361623 
 788 -0.339259 
 789 -0.398685 
 790 -0.37148 
 791 -0.346838 
 792 -0.376311 
 793 -0.347545 
 794 -0.400152 
 795 -0.408757 
 796 -0.368748 
 797 -0.367315 
 798 -0.363064 
 799 -0.411341 
 800 -0.346336 
 801 -0.413789 
 802 -0.442897 
 803 -0.40389 
 804 -0.360212 
 805 -0.366282 
 806 -0.354581 
 807 -0.401233 
 808 -0.389006 
 809 -0.364723 
 810 -0.429688 
 811 -0.373627 
 812 -0.342799 
 813 -0.351131 
 814 -0.31731 
 815 -0.323396 
 816 -0.309655 
 817 -0.368048 
 818 -0.375788 
 819 -0.364991 
 820 -0.358288 
 821 -0.396593 
 822 -0.383007 
 823 -0.402881 
 824 -0.446552 
 825 -0.417247 
 826 -0.406456 
 827 -0.422631 
 828 -0.423396 
 829 -0.473451 
 830 -0.441432 
 831 -0.417271 
 832 -0.47091 
 833 -0.495886 
 834 -0.44333 
 835 -0.446223 
 836 -0.503085 
 837 -0.442471 
 838 -0.483615 
 839 -0.47243 
 840 -0.447254 
 841 -0.490976 
 842 -0.471606 
 843 -0.379871 
 844 -0.418098 
 845 -0.383381 
 846 -0.345784 
 847 -0.348051 
 848 -0.332348 
 849 -0.307979 
 850 -0.40112 
 851 -0.455841 
 852 -0.377247 
 853 -0.416333 
 854 -0.385801 
 855 -0.354652 
 856 -0.351299 
 857 -0.385663 
 858 -0.363928 
 859 -0.373649 
 860 -0.34299 
 861 -0.36955 
 862 -0.349725 
 863 -0.374621 
 864 -0.394006 
 865 -0.464804 
 866 -0.422012 
 867 -0.39964 
 868 -0.421186 
 869 -0.435346 
 870 -0.452851 
 871 -0.371052 
 872 -0.428493 
 873 -0.462142 
 874 -0.419533 
 875 -0.435915 
 876 -0.446877 
 877 -0.447178 
 878 -0.415956 
 879 -0.447899 
 880 -0.496055 
 881 -0.498242 
 882 -0.469463 
 883 -0.447659 
 884 -0.417796 
 885 -0.349529 
 886 -0.415768 
 887 -0.392316 
 888 -0.391416 
 889 -0.349379 
 890 -0.403751 
 891 -0.401158 
 892 -0.352417 
 893 -0.308041 
 894 -0.369852 
 895 -0.446782 
 896 -0.418935 
 897 -0.398162 
 898 -0.480964 
 899 -0.475346 
 900 -0.454652 
 901 -0.581842 
 902 -0.524816 
 903 -0.432697 
 904 -0.410446 
 905 -0.365991 
 906 -0.446889 
 907 -0.403462 
 908 -0.43506 
 909 -0.458523 
 910 -0.399676 
 911 -0.371566 
 912 -0.407841 
 913 -0.383198 
 914 -0.369248 
 915 -0.406547 
 916 -0.433414 
 917 -0.397592 
 918 -0.388129 
 919 -0.42228 
 920 -0.497488 
 921 -0.493953 
 922 -0.463081 
 923 -0.408699 
 924 -0.479495 
 925 -0.541779 
 926 -0.498093 
 927 -0.470775 
 928 -0.426996 
 929 -0.431314 
 930 -0.31059 
 931 -0.436382 
 932 -0.428827 
 933 -0.390047 
 934 -0.432059 
 935 -0.385538 
 936 -0.455009 
 937 -0.433623 
 938 -0.328418 
 939 -0.455906 
 940 -0.435396 
 941 -0.455109 
 942 -0.441986 
 943 -0.405909 
 944 -0.423652 
 945 -0.443696 
 946 -0.425242 
 947 -0.340489 
 948 -0.389898 
 949 -0.361777 
 950 -0.397701 
 951 -0.41264 
 952 -0.372838 
 953 -0.390197 
 954 -0.305938 
 955 -0.372513 
 956 -0.452205 
 957 -0.380549 
 958 -0.289917 
 959 -0.342436 
 960 -0.399951 
 961 -0.419555 
 962 -0.426882 
 963 -0.419352 
 964 -0.443333 
 965 -0.511981 
 966 -0.489445 
 967 -0.438522 
 968 -0.378102 
 969 -0.390665 
 970 -0.277593 
 971 -0.418466 
 972 -0.394858 
 973 -0.47322 
 974 -0.496873 
 975 -0.455662 
 976 -0.413936 
 977 -0.382802 
 978 -0.422183 
 979 -0.380987 
 980 -0.380138 
 981 -0.344037 
 982 -0.395076 
 983 -0.362775 
 984 -0.434204 
 985 -0.390759 
 986 -0.342989 
 987 -0.345076 
 988 -0.364636 
 989 -0.441852 
 990 -0.356289 
 991 -0.382502 
 992 -0.395068 
 993 -0.433856 
 994 -0.356941 
 995 -0.419627 
 996 -0.37438 
 997 -0.374256 
 998 -0.428664 
 999 -0.337029 
 1000 -0.380975 
 1001 -0.437405 
 1002 -0.41145 
 1003 -0.438536 
 1004 -0.411912 
 1005 -0.406186 
 1006 -0.41472 
 1007 -0.455792 
 1008 -0.399458 
 1009 -0.41173 
 1010 -0.43203 
 1011 -0.443084 
 1012 -0.482979 
 1013 -0.489296 
 1014 -0.42947 
 1015 -0.387484 
 1016 -0.446534 
 1017 -0.464125 
 1018 -0.464455 
 1019 -0.379613 
 1020 -0.462611 
 1021 -0.493723 
 1022 -0.458633 
 1023 -0.37887 
 1024 -0.438948 
 1025 -0.430214 
 1026 -0.476883 
 1027 -0.436527 
 1028 -0.418198 
 1029 -0.395164 
 1030 -0.374974 
 1031 -0.39813 
 1032 -0.413571 
 1033 -0.425025 
 1034 -0.393239 
 1035 -0.44522 
 1036 -0.409045 
 1037 -0.404653 
 1038 -0.451024 
 1039 -0.396053 
 1040 -0.440397 
 1041 -0.47629 
 1042 -0.412795 
 1043 -0.456895 
 1044 -0.43089 
 1045 -0.427828 
 1046 -0.38682 
 1047 -0.381276 
 1048 -0.406025 
 1049 -0.353648 
 1050 -0.406261 
 1051 -0.437837 
 1052 -0.41401 
 1053 -0.453432 
 1054 -0.418663 
 1055 -0.45989 
 1056 -0.442425 
 1057 -0.432309 
 1058 -0.382117 
 1059 -0.451853 
 1060 -0.40782 
 1061 -0.427996 
 1062 -0.380781 
 1063 -0.433411 
 1064 -0.437273 
 1065 -0.409471 
 1066 -0.379948 
 1067 -0.408404 
 1068 -0.436407 
 1069 -0.415386 
 1070 -0.396301 
 1071 -0.362186 
 1072 -0.407799 
 1073 -0.46899 
 1074 -0.49369 
 1075 -0.476784 
 1076 -0.42651 
 1077 -0.377299 
 1078 -0.401733 
 1079 -0.423495 
 1080 -0.462428 
 1081 -0.414292 
 1082 -0.420332 
 1083 -0.406262 
 1084 -0.407969 
 1085 -0.408878 
 1086 -0.450381 
 1087 -0.432528 
 1088 -0.385971 
 1089 -0.447666 
 1090 -0.463682 
 1091 -0.468779 
 1092 -0.429238 
 1093 -0.416279 
 1094 -0.472963 
 1095 -0.525653 
 1096 -0.412012 
 1097 -0.335116 
 1098 -0.34632 
 1099 -0.303544 
 1100 -0.36407 
 1101 -0.35292 
 1102 -0.350784 
 1103 -0.336652 
 1104 -0.352214 
 1105 -0.333165 
 1106 -0.397465 
 1107 -0.35346 
 1108 -0.449684 
 1109 -0.399862 
 1110 -0.430772 
 1111 -0.453619 
 1112 -0.43985 
 1113 -0.38949 
 1114 -0.384999 
 1115 -0.456186 
 1116 -0.396466 
 1117 -0.47175 
 1118 -0.543801 
 1119 -0.530137 
 1120 -0.522188 
 1121 -0.513884 
 1122 -0.553191 
 1123 -0.561636 
 1124 -0.494851 
 1125 -0.471097 
 1126 -0.405539 
 1127 -0.418643 
 1128 -0.456422 
 1129 -0.426212 
 1130 -0.415978 
 1131 -0.422514 
 1132 -0.367781 
 1133 -0.359408 
 1134 -0.406824 
 1135 -0.418091 
 1136 -0.429252 
 1137 -0.423689 
 1138 -0.357406 
 1139 -0.392413 
 1140 -0.411595 
 1141 -0.435236 
 1142 -0.533789 
 1143 -0.471319 
 1144 -0.437504 
 1145 -0.369196 
 1146 -0.339072 
 1147 -0.326606 
 1148 -0.34685 
 1149 -0.337228 
 1150 -0.360435 
 1151 -0.401922 
 1152 -0.419256 
 1153 -0.415785 
 1154 -0.424685 
 1155 -0.384416 
 1156 -0.378647 
 1157 -0.432416 
 1158 -0.366676 
 1159 -0.439485 
 1160 -0.463103 
 1161 -0.368739 
 1162 -0.319719 
 1163 -0.325706 
 1164 -0.375952 
 1165 -0.388867 
 1166 -0.407564 
 1167 -0.505211 
 1168 -0.47597 
 1169 -0.478918 
 1170 -0.437282 
 1171 -0.379219 
 1172 -0.437622 
 1173 -0.493641 
 1174 -0.429956 
 1175 -0.398403 
 1176 -0.372676 
 1177 -0.361579 
 1178 -0.406862 
 1179 -0.400469 
 1180 -0.381466 
 1181 -0.398849 
 1182 -0.442461 
 1183 -0.379659 
 1184 -0.372559 
 1185 -0.386456 
 1186 -0.404222 
 1187 -0.338465 
 1188 -0.392026 
 1189 -0.466899 
 1190 -0.454956 
 1191 -0.465171 
 1192 -0.468278 
 1193 -0.43632 
 1194 -0.383731 
 1195 -0.35865 
 1196 -0.366981 
 1197 -0.366214 
 1198 -0.375814 
 1199 -0.377777 
 1200 -0.400669 
 1201 -0.459967 
 1202 -0.455108 
 1203 -0.397286 
 1204 -0.389985 
 1205 -0.361067 
 1206 -0.400656 
 1207 -0.357244 
 1208 -0.429152 
 1209 -0.427872 
 1210 -0.447532 
 1211 -0.492097 
 1212 -0.462973 
 1213 -0.469703 
 1214 -0.479115 
 1215 -0.435201 
 1216 -0.432489 
 1217 -0.396955 
 1218 -0.320773 
 1219 -0.381403 
 1220 -0.469677 
 1221 -0.496559 
 1222 -0.481157 
 1223 -0.423757 
 1224 -0.435598 
 1225 -0.426846 
 1226 -0.393299 
 1227 -0.455452 
 1228 -0.424456 
 1229 -0.490134 
 1230 -0.457402 
 1231 -0.394048 
 1232 -0.427486 
 1233 -0.440389 
 1234 -0.335485 
 1235 -0.383284 
 1236 -0.446197 
 1237 -0.442335 
 1238 -0.461981 
 1239 -0.46702 
 1240 -0.446592 
 1241 -0.467478 
 1242 -0.432183 
 1243 -0.41662 
 1244 -0.305913 
 1245 -0.398968 
 1246 -0.450168 
 1247 -0.436685 
 1248 -0.504849 
 1249 -0.527856 
 1250 -0.470804 
 1251 -0.425513 
 1252 -0.406436 
 1253 -0.395309 
 1254 -0.337874 
 1255 -0.407267 
 1256 -0.402765 
 1257 -0.416678 
 1258 -0.433816 
 1259 -0.540134 
 1260 -0.541159 
 1261 -0.46591 
 1262 -0.411807 
 1263 -0.368927 
 1264 -0.378006 
 1265 -0.449989 
 1266 -0.386424 
 1267 -0.39939 
 1268 -0.413163 
 1269 -0.365128 
 1270 -0.413584 
 1271 -0.454143 
 1272 -0.41277 
 1273 -0.427843 
 1274 -0.398288 
 1275 -0.391742 
 1276 -0.33888 
 1277 -0.341307 
 1278 -0.366187 
 1279 -0.394258 
 1280 -0.361065 
 1281 -0.42117 
 1282 -0.453469 
 1283 -0.480873 
 1284 -0.482093 
 1285 -0.439768 
 1286 -0.412145 
 1287 -0.419959 
 1288 -0.391045 
 1289 -0.408434 
 1290 -0.489277 
 1291 -0.443063 
 1292 -0.392256 
 1293 -0.357272 
 1294 -0.361746 
 1295 -0.363583 
 1296 -0.364622 
 1297 -0.42261 
 1298 -0.415892 
 1299 -0.344501 
 1300 -0.400746 
 1301 -0.407958 
 1302 -0.421826 
 1303 -0.37793 
 1304 -0.376484 
 1305 -0.412612 
 1306 -0.435706 
 1307 -0.362945 
 1308 -0.404649 
 1309 -0.366739 
 1310 -0.352373 
 1311 -0.361234 
 1312 -0.349052 
 1313 -0.388328 
 1314 -0.328758 
 1315 -0.365706 
 1316 -0.398726 
 1317 -0.435107 
 1318 -0.411907 
 1319 -0.377075 
 1320 -0.408296 
 1321 -0.350491 
 1322 -0.38482 
 1323 -0.413422 
 1324 -0.437724 
 1325 -0.451983 
 1326 -0.414773 
 1327 -0.402507 
 1328 -0.451333 
 1329 -0.399397 
 1330 -0.368989 
 1331 -0.462175 
 1332 -0.4609 
 1333 -0.431201 
 1334 -0.478543 
 1335 -0.431946 
 1336 -0.488675 
 1337 -0.403539 
 1338 -0.38855 
 1339 -0.42576 
 1340 -0.511294 
 1341 -0.498067 
 1342 -0.50327 
 1343 -0.393156 
 1344 -0.372024 
 1345 -0.465386 
 1346 -0.44667 
 1347 -0.450654 
 1348 -0.444421 
 1349 -0.429062 
 1350 -0.394907 
 1351 -0.407069 
 1352 -0.346562 
 1353 -0.397626 
 1354 -0.38036 
 1355 -0.422062 
 1356 -0.48213 
 1357 -0.510119 
 1358 -0.494954 
 1359 -0.427387 
 1360 -0.429037 
 1361 -0.435997 
 1362 -0.475625 
 1363 -0.480834 
 1364 -0.4265 
 1365 -0.371479 
 1366 -0.368627 
 1367 -0.338881 
 1368 -0.340482 
 1369 -0.319671 
 1370 -0.356235 
 1371 -0.390364 
 1372 -0.400442 
 1373 -0.399808 
 1374 -0.344657 
 1375 -0.37001 
 1376 -0.274624 
 1377 -0.500852 
 1378 -0.541848 
 1379 -0.513658 
 1380 -0.460118 
 1381 -0.40698 
 1382 -0.403226 
 1383 -0.393642 
 1384 -0.34841 
 1385 -0.359593 
 1386 -0.392296 
 1387 -0.41851 
 1388 -0.365252 
 1389 -0.408068 
 1390 -0.414899 
 1391 -0.418148 
 1392 -0.431785 
 1393 -0.407296 
 1394 -0.370491 
 1395 -0.403716 
 1396 -0.384949 
 1397 -0.366847 
 1398 -0.417636 
 1399 -0.426949 
 1400 -0.431888 
 1401 -0.452665 
 1402 -0.458564 
 1403 -0.487854 
 1404 -0.429821 
 1405 -0.348899 
 1406 -0.385792 
 1407 -0.367358 
 1408 -0.418519 
 1409 -0.460678 
 1410 -0.45553 
 1411 -0.425164 
 1412 -0.451743 
 1413 -0.46192 
 1414 -0.433376 
 1415 -0.369092 
 1416 -0.373511 
 1417 -0.334162 
 1418 -0.386808 
 1419 -0.361762 
 1420 -0.333511 
 1421 -0.411571 
 1422 -0.415591 
 1423 -0.373617 
 1424 -0.407476 
 1425 -0.428221 
 1426 -0.408815 
 1427 -0.415795 
 1428 -0.41636 
 1429 -0.369897 
 1430 -0.369139 
 1431 -0.358945 
 1432 -0.406899 
 1433 -0.456384 
 1434 -0.400456 
 1435 -0.436872 
 1436 -0.423933 
 1437 -0.467198 
 1438 -0.446824 
 1439 -0.400204 
 1440 -0.346025 
 1441 -0.314915 
 1442 -0.351521 
 1443 -0.363718 
 1444 -0.360436 
 1445 -0.374864 
 1446 -0.349463 
 1447 -0.382103 
 1448 -0.347425 
 1449 -0.330687 
 1450 -0.287931 
 1451 -0.367468 
 1452 -0.362565 
 1453 -0.414166 
 1454 -0.344843 
 1455 -0.38902 
 1456 -0.392519 
 1457 -0.436854 
 1458 -0.452879 
 1459 -0.445739 
 1460 -0.424792 
 1461 -0.349252 
 1462 -0.387285 
 1463 -0.361358 
 1464 -0.372299 
 1465 -0.399331 
 1466 -0.362041 
 1467 -0.377844 
 1468 -0.3687 
 1469 -0.37427 
 1470 -0.376996 
 1471 -0.355319 
 1472 -0.359612 
 1473 -0.391189 
 1474 -0.439167 
 1475 -0.385973 
 1476 -0.461144 
 1477 -0.432776 
 1478 -0.435297 
 1479 -0.412062 
 1480 -0.394431 
 1481 -0.409928 
 1482 -0.464704 
 1483 -0.384647 
 1484 -0.382111 
 1485 -0.370599 
 1486 -0.388061 
 1487 -0.376145 
 1488 -0.413545 
 1489 -0.420898 
 1490 -0.398326 
 1491 -0.427962 
 1492 -0.399688 
 1493 -0.377002 
 1494 -0.371661 
 1495 -0.305996 
 1496 -0.371918 
 1497 -0.398655 
 1498 -0.404111 
 1499 -0.364761 
 1500 -0.311928 
 1501 -0.311388 
 1502 -0.345864 
 1503 -0.313522 
 1504 -0.361047 
 1505 -0.392147 
 1506 -0.380089 
 1507 -0.440807 
 1508 -0.327131 
 1509 -0.342654 
 1510 -0.329124 
 1511 -0.324829 
 1512 -0.354467 
 1513 -0.424966 
 1514 -0.423759 
 1515 -0.342079 
 1516 -0.292478 
 1517 -0.362093 
 1518 -0.391239 
 1519 -0.39843 
 1520 -0.488107 
 1521 -0.520156 
 1522 -0.537783 
 1523 -0.476513 
 1524 -0.476725 
 1525 -0.484585 
 1526 -0.456875 
 1527 -0.483567 
 1528 -0.402641 
 1529 -0.430632 
 1530 -0.409788 
 1531 -0.387809 
 1532 -0.395646 
 1533 -0.386473 
 1534 -0.381634 
 1535 -0.432461 
 1536 -0.456783 
 1537 -0.387683 
 1538 -0.41616 
 1539 -0.381541 
 1540 -0.41225 
 1541 -0.41379 
 1542 -0.487004 
 1543 -0.498681 
 1544 -0.549629 
 1545 -0.482984 
 1546 -0.449777 
 1547 -0.441221 
 1548 -0.384986 
 1549 -0.311492 
 1550 -0.360262 
 1551 -0.39492 
 1552 -0.469426 
 1553 -0.508826 
 1554 -0.496553 
 1555 -0.432837 
 1556 -0.454454 
 1557 -0.359041 
 1558 -0.412938 
 1559 -0.452109 
 1560 -0.393029 
 1561 -0.468351 
 1562 -0.444578 
 1563 -0.360031 
 1564 -0.386266 
 1565 -0.406985 
 1566 -0.350584 
 1567 -0.398564 
 1568 -0.409479 
 1569 -0.366056 
 1570 -0.428749 
 1571 -0.442363 
 1572 -0.406192 
 1573 -0.420333 
 1574 -0.418802 
 1575 -0.434661 
 1576 -0.512549 
 1577 -0.404124 
 1578 -0.44939 
 1579 -0.471809 
 1580 -0.432582 
 1581 -0.409363 
 1582 -0.473011 
 1583 -0.398508 
 1584 -0.447884 
 1585 -0.457124 
 1586 -0.479091 
 1587 -0.493027 
 1588 -0.459791 
 1589 -0.454841 
 1590 -0.412072 
 1591 -0.377465 
 1592 -0.416617 
 1593 -0.42517 
 1594 -0.429642 
 1595 -0.423416 
 1596 -0.419057 
 1597 -0.455807 
 1598 -0.417446 
 1599 -0.385362 
 1600 -0.367016 
 1601 -0.423712 
 1602 -0.385524 
 1603 -0.374934 
 1604 -0.403811 
 1605 -0.409881 
 1606 -0.353475 
 1607 -0.302893 
 1608 -0.371256 
 1609 -0.401157 
 1610 -0.48718 
 1611 -0.46823 
 1612 -0.460631 
 1613 -0.35438 
 1614 -0.36857 
 1615 -0.327585 
 1616 -0.409862 
 1617 -0.428352 
 1618 -0.401299 
 1619 -0.381901 
 1620 -0.380774 
 1621 -0.389879 
 1622 -0.360026 
 1623 -0.326557 
 1624 -0.400081 
 1625 -0.341639 
 1626 -0.30252 
 1627 -0.291605 
 1628 -0.386015 
 1629 -0.420736 
 1630 -0.384485 
 1631 -0.377633 
 1632 -0.367826 
 1633 -0.420681 
 1634 -0.39355 
 1635 -0.4047 
 1636 -0.482851 
 1637 -0.393018 
 1638 -0.438518 
 1639 -0.416121 
 1640 -0.439893 
 1641 -0.450238 
 1642 -0.349886 
 1643 -0.369293 
 1644 -0.327283 
 1645 -0.35569 
 1646 -0.432847 
 1647 -0.455102 
 1648 -0.40626 
 1649 -0.474057 
 1650 -0.429386 
 1651 -0.352084 
 1652 -0.419338 
 1653 -0.414062 
 1654 -0.456236 
 1655 -0.457335 
 1656 -0.421012 
 1657 -0.415855 
 1658 -0.410227 
 1659 -0.444766 
 1660 -0.390276 
 1661 -0.321695 
 1662 -0.308021 
 1663 -0.41799 
 1664 -0.406077 
 1665 -0.457343 
 1666 -0.429186 
 1667 -0.349714 
 1668 -0.346286 
 1669 -0.327405 
 1670 -0.359176 
 1671 -0.417285 
 1672 -0.49547 
 1673 -0.48513 
 1674 -0.463417 
 1675 -0.418035 
 1676 -0.462079 
 1677 -0.436028 
 1678 -0.505703 
 1679 -0.497037 
 1680 -0.511013 
 1681 -0.500168 
 1682 -0.537023 
 1683 -0.530626 
 1684 -0.498608 
 1685 -0.515005 
 1686 -0.557234 
 1687 -0.46557 
 1688 -0.434328 
 1689 -0.446754 
 1690 -0.354776 
 1691 -0.340046 
 1692 -0.371876 
 1693 -0.398142 
 1694 -0.423161 
 1695 -0.452245 
 1696 -0.48829 
 1697 -0.504159 
 1698 -0.486789 
 1699 -0.493651 
 1700 -0.442663 
 1701 -0.388604 
 1702 -0.418901 
 1703 -0.419863 
 1704 -0.43995 
 1705 -0.449521 
 1706 -0.453282 
 1707 -0.401993 
 1708 -0.33269 
 1709 -0.396868 
 1710 -0.336994 
 1711 -0.410492 
 1712 -0.387317 
 1713 -0.382559 
 1714 -0.38336 
 1715 -0.400165 
 1716 -0.376052 
 1717 -0.383293 
 1718 -0.35036 
 1719 -0.383098 
 1720 -0.419275 
 1721 -0.454027 
 1722 -0.453346 
 1723 -0.481796 
 1724 -0.472834 
 1725 -0.479599 
 1726 -0.393371 
 1727 -0.416965 
 1728 -0.44094 
 1729 -0.408896 
 1730 -0.422903 
 1731 -0.440733 
 1732 -0.391948 
 1733 -0.345916 
 1734 -0.402184 
 1735 -0.448534 
 1736 -0.487588 
 1737 -0.432477 
 1738 -0.380199 
 1739 -0.440164 
 1740 -0.411943 
 1741 -0.435183 
 1742 -0.455001 
 1743 -0.440652 
 1744 -0.419631 
 1745 -0.394828 
 1746 -0.431917 
 1747 -0.392484 
 1748 -0.463047 
 1749 -0.427335 
 1750 -0.397735 
 1751 -0.397208 
 1752 -0.410514 
 1753 -0.369884 
 1754 -0.321295 
 1755 -0.386707 
 1756 -0.487605 
 1757 -0.513104 
 1758 -0.510558 
 1759 -0.472871 
 1760 -0.458798 
 1761 -0.44972 
 1762 -0.420478 
 1763 -0.489868 
 1764 -0.474313 
 1765 -0.526385 
 1766 -0.507821 
 1767 -0.507888 
 1768 -0.478197 
 1769 -0.467592 
 1770 -0.48347 
 1771 -0.423505 
 1772 -0.432412 
 1773 -0.419145 
 1774 -0.372788 
 1775 -0.390389 
 1776 -0.424334 
 1777 -0.513741 
 1778 -0.463931 
 1779 -0.476245 
 1780 -0.496687 
 1781 -0.474323 
 1782 -0.438843 
 1783 -0.473208 
 1784 -0.433788 
 1785 -0.398871 
 1786 -0.375766 
 1787 -0.436623 
 1788 -0.419533 
 1789 -0.429985 
 1790 -0.447152 
 1791 -0.464644 
 1792 -0.428821 
 1793 -0.373117 
 1794 -0.348284 
 1795 -0.372208 
 1796 -0.377901 
 1797 -0.491069 
 1798 -0.366606 
 1799 -0.405546 
 1800 -0.354423 
 1801 -0.354246 
 1802 -0.367686 
 1803 -0.354297 
 1804 -0.351424 
 1805 -0.422766 
 1806 -0.430425 
 1807 -0.421737 
 1808 -0.378318 
 1809 -0.320056 
 1810 -0.357016 
 1811 -0.374977 
 1812 -0.365298 
 1813 -0.391634 
 1814 -0.442001 
 1815 -0.416791 
 1816 -0.395464 
 1817 -0.347459 
 1818 -0.326635 
 1819 -0.31837 
 1820 -0.367539 
 1821 -0.386429 
 1822 -0.392156 
 1823 -0.358631 
 1824 -0.387291 
 1825 -0.405381 
 1826 -0.381971 
 1827 -0.442358 
 1828 -0.441298 
 1829 -0.405214 
 1830 -0.477549 
 1831 -0.34642 
 1832 -0.368348 
 1833 -0.393667 
 1834 -0.396751 
 1835 -0.442992 
 1836 -0.35387 
 1837 -0.492954 
 1838 -0.425829 
 1839 -0.3949 
 1840 -0.41905 
 1841 -0.412387 
 1842 -0.453446 
 1843 -0.45601 
 1844 -0.392048 
 1845 -0.368829 
 1846 -0.298849 
 1847 -0.341645 
 1848 -0.378817 
 1849 -0.370561 
 1850 -0.416392 
 1851 -0.426531 
 1852 -0.461161 
 1853 -0.430221 
 1854 -0.476426 
 1855 -0.479936 
 1856 -0.437776 
 1857 -0.482434 
 1858 -0.429542 
 1859 -0.407327 
 1860 -0.360178 
 1861 -0.361565 
 1862 -0.430962 
 1863 -0.415193 
 1864 -0.377061 
 1865 -0.282892 
 1866 -0.364744 
 1867 -0.378089 
 1868 -0.4385 
 1869 -0.350528 
 1870 -0.437536 
 1871 -0.427728 
 1872 -0.416951 
 1873 -0.354597 
 1874 -0.369186 
 1875 -0.398586 
 1876 -0.356953 
 1877 -0.369652 
 1878 -0.385695 
 1879 -0.363987 
 1880 -0.338281 
 1881 -0.367654 
 1882 -0.401572 
 1883 -0.364745 
 1884 -0.392074 
 1885 -0.386449 
 1886 -0.43697 
 1887 -0.377768 
 1888 -0.431317 
 1889 -0.363815 
 1890 -0.356227 
 1891 -0.421133 
 1892 -0.432655 
 1893 -0.411201 
 1894 -0.448824 
 1895 -0.387752 
 1896 -0.397356 
 1897 -0.409536 
 1898 -0.356643 
 1899 -0.347573 
 1900 -0.342173 
 1901 -0.334259 
 1902 -0.316394 
 1903 -0.361446 
 1904 -0.399686 
 1905 -0.436178 
 1906 -0.41073 
 1907 -0.370737 
 1908 -0.430196 
 1909 -0.512276 
 1910 -0.477905 
 1911 -0.47878 
 1912 -0.411641 
 1913 -0.414085 
 1914 -0.343477 
 1915 -0.413591 
 1916 -0.321478 
 1917 -0.362389 
 1918 -0.359862 
 1919 -0.398715 
 1920 -0.4006 
 1921 -0.367093 
 1922 -0.345626 
 1923 -0.444459 
 1924 -0.473633 
 1925 -0.479604 
 1926 -0.478954 
 1927 -0.449377 
 1928 -0.466384 
 1929 -0.45203 
 1930 -0.405207 
 1931 -0.403888 
 1932 -0.421891 
 1933 -0.465454 
 1934 -0.465064 
 1935 -0.49065 
 1936 -0.462019 
 1937 -0.398314 
 1938 -0.397564 
 1939 -0.348908 
 1940 -0.389412 
 1941 -0.359903 
 1942 -0.300587 
 1943 -0.404729 
 1944 -0.360534 
 1945 -0.406646 
 1946 -0.405785 
 1947 -0.395193 
 1948 -0.341219 
 1949 -0.428447 
 1950 -0.438363 
 1951 -0.436874 
 1952 -0.427709 
 1953 -0.407077 
 1954 -0.460427 
 1955 -0.489711 
 1956 -0.547212 
 1957 -0.590739 
 1958 -0.537385 
 1959 -0.554759 
 1960 -0.518201 
 1961 -0.558643 
 1962 -0.57973 
 1963 -0.463939 
 1964 -0.480146 
 1965 -0.486852 
 1966 -0.555791 
 1967 -0.510214 
 1968 -0.442982 
 1969 -0.506035 
 1970 -0.512919 
 1971 -0.420208 
 1972 -0.479712 
 1973 -0.44875 
 1974 -0.444472 
 1975 -0.459338 
 1976 -0.359204 
 1977 -0.441566 
 1978 -0.443668 
 1979 -0.440635 
 1980 -0.457131 
 1981 -0.436732 
 1982 -0.420954 
 1983 -0.339426 
 1984 -0.378387 
 1985 -0.380723 
 1986 -0.49904 
 1987 -0.462977 
 1988 -0.356994 
 1989 -0.419655 
 1990 -0.430445 
 1991 -0.399009 
 1992 -0.362528 
 1993 -0.415019 
 1994 -0.310985 
 1995 -0.342886 
 1996 -0.418318 
 1997 -0.391727 
 1998 -0.373083 
 1999 -0.39134 
 2000 -0.368265 
 2001 -0.384151 
 2002 -0.449331 
 2003 -0.433029 
 2004 -0.450405 
 2005 -0.41889 
 2006 -0.457438 
 2007 -0.452166 
 2008 -0.417038 
 2009 -0.457792 
 2010 -0.48595 
 2011 -0.40496 
 2012 -0.378101 
 2013 -0.398567 
 2014 -0.45088 
 2015 -0.414069 
 2016 -0.403634 
 2017 -0.38071 
 2018 -0.356889 
 2019 -0.348733 
 2020 -0.422095 
 2021 -0.438879 
 2022 -0.485066 
 2023 -0.497847 
 2024 -0.505115 
 2025 -0.515773 
 2026 -0.461056 
 2027 -0.442049 
 2028 -0.358158 
 2029 -0.45808 
 2030 -0.520218 
 2031 -0.418358 
 2032 -0.414643 
 2033 -0.432797 
 2034 -0.387582 
 2035 -0.409877 
 2036 -0.453178 
 2037 -0.488015 
 2038 -0.456056 
 2039 -0.36728 
 2040 -0.452713 
 2041 -0.540116 
 2042 -0.493855 
 2043 -0.469962 
 2044 -0.373683 
 2045 -0.411724 
 2046 -0.421784 
 2047 -0.460778 
 2048 -0.417782 
 2049 -0.449006 
 2050 -0.466849 
 2051 -0.445122 
 2052 -0.413524 
 2053 -0.366679 
 2054 -0.413713 
 2055 -0.41312 
 2056 -0.39638 
 2057 -0.370415 
 2058 -0.341934 
 2059 -0.375137 
 2060 -0.400527 
 2061 -0.419186 
 2062 -0.470612 
 2063 -0.452833 
 2064 -0.381406 
 2065 -0.412872 
 2066 -0.383507 
 2067 -0.396655 
 2068 -0.398765 
 2069 -0.401381 
 2070 -0.370361 
 2071 -0.393715 
 2072 -0.415775 
 2073 -0.364372 
 2074 -0.389345 
 2075 -0.356829 
 2076 -0.412057 
 2077 -0.361072 
 2078 -0.404188 
 2079 -0.33298 
 2080 -0.395804 
 2081 -0.337231 
 2082 -0.374957 
 2083 -0.370834 
 2084 -0.403661 
 2085 -0.369061 
 2086 -0.389787 
 2087 -0.420643 
 2088 -0.433208 
 2089 -0.489839 
 2090 -0.446647 
 2091 -0.458471 
 2092 -0.4777 
 2093 -0.459944 
 2094 -0.361617 
 2095 -0.351878 
 2096 -0.353058 
 2097 -0.336472 
 2098 -0.34029 
 2099 -0.346482 
 2100 -0.329069 
 2101 -0.426201 
 2102 -0.373581 
 2103 -0.379715 
 2104 -0.431823 
 2105 -0.482771 
 2106 -0.513917 
 2107 -0.442193 
 2108 -0.380478 
 2109 -0.349802 
 2110 -0.371766 
 2111 -0.344155 
 2112 -0.40818 
 2113 -0.376632 
 2114 -0.420286 
 2115 -0.449109 
 2116 -0.447615 
 2117 -0.417758 
 2118 -0.392443 
 2119 -0.3658 
 2120 -0.431372 
 2121 -0.434084 
 2122 -0.440997 
 2123 -0.42062 
 2124 -0.451189 
 2125 -0.397935 
 2126 -0.378565 
 2127 -0.428672 
 2128 -0.384364 
 2129 -0.38886 
 2130 -0.481616 
 2131 -0.511421 
 2132 -0.467051 
 2133 -0.452356 
 2134 -0.428855 
 2135 -0.488098 
 2136 -0.38643 
 2137 -0.441621 
 2138 -0.4529 
 2139 -0.497247 
 2140 -0.51743 
 2141 -0.508489 
 2142 -0.478994 
 2143 -0.455381 
 2144 -0.507818 
 2145 -0.41733 
 2146 -0.406723 
 2147 -0.41735 
 2148 -0.45542 
 2149 -0.402151 
 2150 -0.465768 
 2151 -0.491935 
 2152 -0.49183 
 2153 -0.425297 
 2154 -0.439033 
 2155 -0.435789 
 2156 -0.427635 
 2157 -0.407818 
 2158 -0.495729 
 2159 -0.452612 
 2160 -0.4807 
 2161 -0.480007 
 2162 -0.426406 
 2163 -0.383051 
 2164 -0.354118 
 2165 -0.426343 
 2166 -0.37399 
 2167 -0.41118 
 2168 -0.379381 
 2169 -0.402825 
 2170 -0.404371 
 2171 -0.402604 
 2172 -0.477559 
 2173 -0.493843 
 2174 -0.449181 
 2175 -0.441055 
 2176 -0.46237 
 2177 -0.51098 
 2178 -0.46434 
 2179 -0.408433 
 2180 -0.469836 
 2181 -0.381529 
 2182 -0.409465 
 2183 -0.457103 
 2184 -0.444913 
 2185 -0.404862 
 2186 -0.443097 
 2187 -0.424345 
 2188 -0.419513 
 2189 -0.378255 
 2190 -0.411012 
 2191 -0.354645 
 2192 -0.382259 
 2193 -0.464102 
 2194 -0.44667 
 2195 -0.404176 
 2196 -0.429766 
 2197 -0.440245 
 2198 -0.429224 
 2199 -0.371169 
 2200 -0.428895 
 2201 -0.453907 
 2202 -0.457087 
 2203 -0.46093 
 2204 -0.507183 
 2205 -0.471954 
 2206 -0.530352 
 2207 -0.456049 
 2208 -0.43962 
 2209 -0.480292 
 2210 -0.449792 
 2211 -0.471299 
 2212 -0.404628 
 2213 -0.4865 
 2214 -0.497163 
 2215 -0.490569 
 2216 -0.425841 
 2217 -0.355783 
 2218 -0.369912 
 2219 -0.381274 
 2220 -0.400858 
 2221 -0.411135 
 2222 -0.408555 
 2223 -0.519052 
 2224 -0.546932 
 2225 -0.525111 
 2226 -0.524077 
 2227 -0.432935 
 2228 -0.428444 
 2229 -0.395053 
 2230 -0.396992 
 2231 -0.364641 
 2232 -0.344662 
 2233 -0.298244 
 2234 -0.362924 
 2235 -0.379235 
 2236 -0.378017 
 2237 -0.33956 
 2238 -0.383316 
 2239 -0.360407 
 2240 -0.411495 
 2241 -0.414726 
 2242 -0.38614 
 2243 -0.420271 
 2244 -0.371832 
 2245 -0.390123 
 2246 -0.449445 
 2247 -0.376174 
 2248 -0.363719 
 2249 -0.385584 
 2250 -0.328307 
 2251 -0.364251 
 2252 -0.390065 
 2253 -0.426189 
 2254 -0.438225 
 2255 -0.459245 
 2256 -0.343149 
 2257 -0.425504 
 2258 -0.429523 
 2259 -0.392578 
 2260 -0.316836 
 2261 -0.385217 
 2262 -0.40843 
 2263 -0.416979 
 2264 -0.435644 
 2265 -0.365225 
 2266 -0.382874 
 2267 -0.384207 
 2268 -0.371433 
 2269 -0.443393 
 2270 -0.450024 
 2271 -0.430039 
 2272 -0.433388 
 2273 -0.333697 
 2274 -0.359385 
 2275 -0.360666 
 2276 -0.380579 
 2277 -0.38798 
 2278 -0.390073 
 2279 -0.362258 
 2280 -0.396178 
 2281 -0.411788 
 2282 -0.411705 
 2283 -0.389771 
 2284 -0.387019 
 2285 -0.422874 
 2286 -0.388456 
 2287 -0.408088 
 2288 -0.429948 
 2289 -0.450746 
 2290 -0.461328 
 2291 -0.353842 
 2292 -0.381151 
 2293 -0.350538 
 2294 -0.407757 
 2295 -0.470229 
 2296 -0.55088 
 2297 -0.532367 
 2298 -0.550873 
 2299 -0.580801 
 2300 -0.470005 
 2301 -0.447921 
 2302 -0.411326 
 2303 -0.338342 
 2304 -0.370784 
 2305 -0.348703 
 2306 -0.435318 
 2307 -0.435794 
 2308 -0.45475 
 2309 -0.477962 
 2310 -0.410554 
 2311 -0.448857 
 2312 -0.433315 
 2313 -0.485358 
 2314 -0.467595 
 2315 -0.415324 
 2316 -0.438273 
 2317 -0.415107 
 2318 -0.392995 
 2319 -0.316309 
 2320 -0.373575 
 2321 -0.403345 
 2322 -0.38302 
 2323 -0.293303 
 2324 -0.37343 
 2325 -0.385711 
 2326 -0.446701 
 2327 -0.478032 
 2328 -0.46611 
 2329 -0.421497 
 2330 -0.498823 
 2331 -0.43625 
 2332 -0.420451 
 2333 -0.396795 
 2334 -0.458986 
 2335 -0.393346 
 2336 -0.414071 
 2337 -0.361265 
 2338 -0.427152 
 2339 -0.373241 
 2340 -0.387829 
 2341 -0.410906 
 2342 -0.449534 
 2343 -0.422482 
 2344 -0.436232 
 2345 -0.457257 
 2346 -0.506141 
 2347 -0.512188 
 2348 -0.461186 
 2349 -0.471314 
 2350 -0.563005 
 2351 -0.512734 
 2352 -0.481895 
 2353 -0.505099 
 2354 -0.525955 
 2355 -0.549784 
 2356 -0.544615 
 2357 -0.463505 
 2358 -0.434606 
 2359 -0.448989 
 2360 -0.440804 
 2361 -0.398322 
 2362 -0.394068 
 2363 -0.47657 
 2364 -0.465463 
 2365 -0.451564 
 2366 -0.368807 
 2367 -0.421984 
 2368 -0.454457 
 2369 -0.492439 
 2370 -0.428038 
 2371 -0.3908 
 2372 -0.422061 
 2373 -0.438259 
 2374 -0.479615 
 2375 -0.445969 
 2376 -0.47865 
 2377 -0.446802 
 2378 -0.489644 
 2379 -0.553023 
 2380 -0.485723 
 2381 -0.473992 
 2382 -0.471693 
 2383 -0.387342 
 2384 -0.330733 
 2385 -0.342268 
 2386 -0.403765 
 2387 -0.370908 
 2388 -0.459585 
 2389 -0.474473 
 2390 -0.404113 
 2391 -0.491069 
 2392 -0.42755 
 2393 -0.401376 
 2394 -0.362862 
 2395 -0.377642 
 2396 -0.406891 
 2397 -0.441528 
 2398 -0.483419 
 2399 -0.461056 
 2400 -0.482406 
 2401 -0.448431 
 2402 -0.424749 
 2403 -0.393548 
 2404 -0.363261 
 2405 -0.439776 
 2406 -0.450525 
 2407 -0.467277 
 2408 -0.403989 
 2409 -0.395485 
 2410 -0.399012 
 2411 -0.376197 
 2412 -0.417653 
 2413 -0.392362 
 2414 -0.40128 
 2415 -0.359962 
 2416 -0.323553 
 2417 -0.336081 
 2418 -0.350302 
 2419 -0.351364 
 2420 -0.367838 
 2421 -0.346557 
 2422 -0.408271 
 2423 -0.444716 
 2424 -0.417727 
 2425 -0.430214 
 2426 -0.417425 
 2427 -0.417344 
 2428 -0.362592 
 2429 -0.370195 
 2430 -0.380771 
 2431 -0.328876 
 2432 -0.396546 
 2433 -0.339776 
 2434 -0.342974 
 2435 -0.329657 
 2436 -0.430493 
 2437 -0.34775 
 2438 -0.345943 
 2439 -0.363527 
 2440 -0.426607 
 2441 -0.342238 
 2442 -0.39976 
 2443 -0.374277 
 2444 -0.403721 
 2445 -0.383696 
 2446 -0.396942 
 2447 -0.423461 
 2448 -0.381654 
 2449 -0.455941 
 2450 -0.516224 
 2451 -0.570073 
 2452 -0.522744 
 2453 -0.495284 
 2454 -0.510567 
 2455 -0.494814 
 2456 -0.45519 
 2457 -0.430185 
 2458 -0.44963 
 2459 -0.426318 
 2460 -0.449797 
 2461 -0.461913 
 2462 -0.452154 
 2463 -0.442199 
 2464 -0.427679 
 2465 -0.4416 
 2466 -0.478803 
 2467 -0.533479 
 2468 -0.461021 
 2469 -0.374846 
 2470 -0.366323 
 2471 -0.440788 
 2472 -0.456 
 2473 -0.457584 
 2474 -0.454721 
 2475 -0.483785 
 2476 -0.51913 
 2477 -0.455553 
 2478 -0.481321 
 2479 -0.483613 
 2480 -0.400891 
 2481 -0.423479 
 2482 -0.422941 
 2483 -0.356686 
 2484 -0.381638 
 2485 -0.391997 
 2486 -0.395878 
 2487 -0.372128 
 2488 -0.342297 
 2489 -0.397545 
 2490 -0.28588 
 2491 -0.382726 
 2492 -0.398199 
 2493 -0.403311 
 2494 -0.412866 
 2495 -0.469449 
 2496 -0.441104 
 2497 -0.468068 
 2498 -0.423379 
 2499 -0.436753 
 2500 -0.411762 
 2501 -0.444542 
 2502 -0.408012 
 2503 -0.384619 
 2504 -0.42146 
 2505 -0.444871 
 2506 -0.363743 
 2507 -0.372691 
 2508 -0.426204 
 2509 -0.405036 
 2510 -0.374569 
 2511 -0.381838 
 2512 -0.432271 
 2513 -0.420765 
 2514 -0.341988 
 2515 -0.289875 
 2516 -0.340005 
 2517 -0.403979 
 2518 -0.413879 
 2519 -0.463521 
 2520 -0.491627 
 2521 -0.492969 
 2522 -0.424908 
 2523 -0.403449 
 2524 -0.359634 
 2525 -0.392984 
 2526 -0.416294 
 2527 -0.418978 
 2528 -0.404499 
 2529 -0.377318 
 2530 -0.426667 
 2531 -0.378138 
 2532 -0.406454 
 2533 -0.406233 
 2534 -0.423906 
 2535 -0.354437 
 2536 -0.413724 
 2537 -0.348112 
 2538 -0.405173 
 2539 -0.386075 
 2540 -0.422753 
 2541 -0.47815 
 2542 -0.436266 
 2543 -0.409037 
 2544 -0.425992 
 2545 -0.447427 
 2546 -0.429705 
 2547 -0.391709 
 2548 -0.408853 
 2549 -0.40372 
 2550 -0.423096 
 2551 -0.414266 
 2552 -0.433168 
 2553 -0.390315 
 2554 -0.401615 
 2555 -0.419671 
 2556 -0.39881 
 2557 -0.404091 
 2558 -0.48035 
 2559 -0.387986 
 2560 -0.399028 
 2561 -0.425105 
 2562 -0.434225 
 2563 -0.379988 
 2564 -0.400436 
 2565 -0.388938 
 2566 -0.41078 
 2567 -0.418191 
 2568 -0.371295 
 2569 -0.387372 
 2570 -0.36857 
 2571 -0.323627 
 2572 -0.367111 
 2573 -0.34646 
 2574 -0.34221 
 2575 -0.34805 
 2576 -0.452966 
 2577 -0.442349 
 2578 -0.385928 
 2579 -0.368026 
 2580 -0.389734 
 2581 -0.43592 
 2582 -0.438207 
 2583 -0.40739 
 2584 -0.352624 
 2585 -0.329717 
 2586 -0.317936 
 2587 -0.338548 
 2588 -0.36229 
 2589 -0.430912 
 2590 -0.379613 
 2591 -0.385602 
 2592 -0.355509 
 2593 -0.397553 
 2594 -0.347809 
 2595 -0.318182 
 2596 -0.266827 
 2597 -0.377047 
 2598 -0.415406 
 2599 -0.361773 
 2600 -0.351483 
 2601 -0.419523 
 2602 -0.39607 
 2603 -0.412795 
 2604 -0.434309 
 2605 -0.392983 
 2606 -0.376288 
 2607 -0.47269 
 2608 -0.516145 
 2609 -0.520249 
 2610 -0.446397 
 2611 -0.428026 
 2612 -0.455817 
 2613 -0.438213 
 2614 -0.465018 
 2615 -0.48237 
 2616 -0.455076 
 2617 -0.437509 
 2618 -0.408223 
 2619 -0.376525 
 2620 -0.394867 
 2621 -0.33539 
 2622 -0.416383 
 2623 -0.404966 
 2624 -0.452796 
 2625 -0.437002 
 2626 -0.406095 
 2627 -0.448885 
 2628 -0.426675 
 2629 -0.489942 
 2630 -0.528707 
 2631 -0.498478 
 2632 -0.4783 
 2633 -0.481475 
 2634 -0.43579 
 2635 -0.439508 
 2636 -0.413276 
 2637 -0.429425 
 2638 -0.45343 
 2639 -0.411505 
 2640 -0.418655 
 2641 -0.509475 
 2642 -0.480579 
 2643 -0.470212 
 2644 -0.486899 
 2645 -0.531 
 2646 -0.513083 
 2647 -0.428044 
 2648 -0.402247 
 2649 -0.417828 
 2650 -0.391404 
 2651 -0.386428 
 2652 -0.410888 
 2653 -0.358698 
 2654 -0.367735 
 2655 -0.477932 
 2656 -0.430657 
 2657 -0.468718 
 2658 -0.438097 
 2659 -0.498039 
 2660 -0.481466 
 2661 -0.433113 
 2662 -0.41137 
 2663 -0.435221 
 2664 -0.382549 
 2665 -0.373493 
 2666 -0.32297 
 2667 -0.373971 
 2668 -0.36841 
 2669 -0.348548 
 2670 -0.377054 
 2671 -0.423111 
 2672 -0.395987 
 2673 -0.388724 
 2674 -0.448574 
 2675 -0.399115 
 2676 -0.463223 
 2677 -0.4314 
 2678 -0.39997 
 2679 -0.42053 
 2680 -0.434315 
 2681 -0.496671 
 2682 -0.507044 
 2683 -0.457978 
 2684 -0.446705 
 2685 -0.4289 
 2686 -0.436483 
 2687 -0.460502 
 2688 -0.433384 
 2689 -0.382857 
 2690 -0.374436 
 2691 -0.337373 
 2692 -0.399215 
 2693 -0.437608 
 2694 -0.447043 
 2695 -0.398553 
 2696 -0.349983 
 2697 -0.337019 
 2698 -0.386313 
 2699 -0.403305 
 2700 -0.416798 
 2701 -0.445743 
 2702 -0.421054 
 2703 -0.368459 
 2704 -0.428102 
 2705 -0.393418 
 2706 -0.460487 
 2707 -0.4136 
 2708 -0.360131 
 2709 -0.351104 
 2710 -0.331856 
 2711 -0.340168 
 2712 -0.350371 
 2713 -0.409658 
 2714 -0.36425 
 2715 -0.420389 
 2716 -0.480567 
 2717 -0.439558 
 2718 -0.41967 
 2719 -0.397927 
 2720 -0.420832 
 2721 -0.376356 
 2722 -0.420929 
 2723 -0.411221 
 2724 -0.400988 
 2725 -0.399074 
 2726 -0.337128 
 2727 -0.375899 
 2728 -0.403078 
 2729 -0.414092 
 2730 -0.353698 
 2731 -0.414891 
 2732 -0.404184 
 2733 -0.394831 
 2734 -0.345834 
 2735 -0.355795 
 2736 -0.362932 
 2737 -0.35885 
 2738 -0.381518 
 2739 -0.373539 
 2740 -0.380974 
 2741 -0.468371 
 2742 -0.461098 
 2743 -0.406043 
 2744 -0.329255 
 2745 -0.337792 
 2746 -0.331948 
 2747 -0.347352 
 2748 -0.367362 
 2749 -0.381625 
 2750 -0.393261 
 2751 -0.43375 
 2752 -0.4263 
 2753 -0.422392 
 2754 -0.466358 
 2755 -0.457839 
 2756 -0.448237 
 2757 -0.348402 
 2758 -0.386989 
 2759 -0.465454 
 2760 -0.438471 
 2761 -0.399735 
 2762 -0.393208 
 2763 -0.402795 
 2764 -0.390421 
 2765 -0.446447 
 2766 -0.353143 
 2767 -0.403772 
 2768 -0.376683 
 2769 -0.346973 
 2770 -0.36128 
 2771 -0.356851 
 2772 -0.39075 
 2773 -0.343557 
 2774 -0.41623 
 2775 -0.38698 
 2776 -0.401893 
 2777 -0.376809 
 2778 -0.443894 
 2779 -0.457866 
 2780 -0.460835 
 2781 -0.368071 
 2782 -0.36275 
 2783 -0.384642 
 2784 -0.42879 
 2785 -0.440051 
 2786 -0.399344 
 2787 -0.386895 
 2788 -0.434364 
 2789 -0.39384 
 2790 -0.377438 
 2791 -0.356179 
 2792 -0.403351 
 2793 -0.406248 
 2794 -0.428311 
 2795 -0.47061 
 2796 -0.478423 
 2797 -0.516077 
 2798 -0.451015 
 2799 -0.417517 
 2800 -0.380376 
 2801 -0.413525 
 2802 -0.354347 
 2803 -0.366907 
 2804 -0.387415 
 2805 -0.384274 
 2806 -0.377367 
 2807 -0.397194 
 2808 -0.552307 
 2809 -0.468783 
 2810 -0.4229 
 2811 -0.405833 
 2812 -0.475635 
 2813 -0.40131 
 2814 -0.345558 
 2815 -0.404776 
 2816 -0.416471 
 2817 -0.352362 
 2818 -0.425555 
 2819 -0.394376 
 2820 -0.435008 
 2821 -0.521057 
 2822 -0.480813 
 2823 -0.487321 
 2824 -0.45128 
 2825 -0.432228 
 2826 -0.48951 
 2827 -0.546231 
 2828 -0.467885 
 2829 -0.470713 
 2830 -0.423411 
 2831 -0.474896 
 2832 -0.460063 
 2833 -0.342368 
 2834 -0.353476 
 2835 -0.361513 
 2836 -0.399224 
 2837 -0.391667 
 2838 -0.361229 
 2839 -0.38536 
 2840 -0.404716 
 2841 -0.45503 
 2842 -0.441212 
 2843 -0.437472 
 2844 -0.451258 
 2845 -0.436875 
 2846 -0.462782 
 2847 -0.522123 
 2848 -0.493155 
 2849 -0.490191 
 2850 -0.539291 
 2851 -0.489366 
 2852 -0.386565 
 2853 -0.440931 
 2854 -0.473297 
 2855 -0.428535 
 2856 -0.389346 
 2857 -0.37427 
 2858 -0.374062 
 2859 -0.430451 
 2860 -0.412372 
 2861 -0.381696 
 2862 -0.382687 
 2863 -0.382208 
 2864 -0.415471 
 2865 -0.393287 
 2866 -0.386615 
 2867 -0.398995 
 2868 -0.381581 
 2869 -0.411421 
 2870 -0.408066 
 2871 -0.357527 
 2872 -0.352626 
 2873 -0.35318 
 2874 -0.383418 
 2875 -0.428684 
 2876 -0.437137 
 2877 -0.433181 
 2878 -0.414644 
 2879 -0.370078 
 2880 -0.481614 
 2881 -0.492844 
 2882 -0.499415 
 2883 -0.474127 
 2884 -0.486595 
 2885 -0.423215 
 2886 -0.487103 
 2887 -0.41592 
 2888 -0.447156 
 2889 -0.454155 
 2890 -0.481402 
 2891 -0.487761 
 2892 -0.390486 
 2893 -0.394383 
 2894 -0.475172 
 2895 -0.437977 
 2896 -0.472584 
 2897 -0.422509 
 2898 -0.326221 
 2899 -0.2772 
 2900 -0.352981 
 2901 -0.329264 
 2902 -0.32614 
 2903 -0.359589 
 2904 -0.45795 
 2905 -0.430171 
 2906 -0.442639 
 2907 -0.483973 
 2908 -0.452012 
 2909 -0.433109 
 2910 -0.365757 
 2911 -0.472974 
 2912 -0.451179 
 2913 -0.374611 
 2914 -0.390435 
 2915 -0.398927 
 2916 -0.380527 
 2917 -0.419699 
 2918 -0.343976 
 2919 -0.400733 
 2920 -0.442743 
 2921 -0.430451 
 2922 -0.410267 
 2923 -0.434006 
 2924 -0.406369 
 2925 -0.448039 
 2926 -0.461417 
 2927 -0.418527 
 2928 -0.367153 
 2929 -0.334072 
 2930 -0.405844 
 2931 -0.415125 
 2932 -0.386806 
 2933 -0.361125 
 2934 -0.396814 
 2935 -0.360064 
 2936 -0.399394 
 2937 -0.382786 
 2938 -0.353338 
 2939 -0.346586 
 2940 -0.367758 
 2941 -0.378248 
 2942 -0.347261 
 2943 -0.263544 
 2944 -0.345483 
 2945 -0.313198 
 2946 -0.295678 
 2947 -0.383473 
 2948 -0.351023 
 2949 -0.356893 
 2950 -0.471966 
 2951 -0.451498 
 2952 -0.42675 
 2953 -0.454151 
 2954 -0.418297 
 2955 -0.397143 
 2956 -0.374057 
 2957 -0.426294 
 2958 -0.453695 
 2959 -0.503448 
 2960 -0.53154 
 2961 -0.456515 
 2962 -0.459726 
 2963 -0.438814 
 2964 -0.363833 
 2965 -0.409176 
 2966 -0.386502 
 2967 -0.421969 
 2968 -0.360561 
 2969 -0.375335 
 2970 -0.4297 
 2971 -0.400983 
 2972 -0.394386 
 2973 -0.367046 
 2974 -0.305558 
 2975 -0.38825 
 2976 -0.458587 
 2977 -0.442433 
 2978 -0.444875 
 2979 -0.409788 
 2980 -0.400896 
 2981 -0.421213 
 2982 -0.435394 
 2983 -0.364029 
 2984 -0.336916 
 2985 -0.361743 
 2986 -0.398239 
 2987 -0.404822 
 2988 -0.403603 
 2989 -0.390935 
 2990 -0.414398 
 2991 -0.423764 
 2992 -0.43782 
 2993 -0.455932 
 2994 -0.436415 
 2995 -0.413608 
 2996 -0.437706 
 2997 -0.391875 
 2998 -0.349094 
 2999 -0.388278 
 3000 -0.399769 
 3001 -0.375583 
 3002 -0.371009 
 3003 -0.347566 
 3004 -0.366929 
 3005 -0.363976 
 3006 -0.452804 
 3007 -0.460157 
 3008 -0.441403 
 3009 -0.44585 
 3010 -0.374773 
 3011 -0.389444 
 3012 -0.345716 
 3013 -0.408416 
 3014 -0.461747 
 3015 -0.417408 
 3016 -0.439945 
 3017 -0.47867 
 3018 -0.40404 
 3019 -0.384132 
 3020 -0.421849 
 3021 -0.339358 
 3022 -0.375839 
 3023 -0.344857 
 3024 -0.407523 
 3025 -0.424872 
 3026 -0.386006 
 3027 -0.391572 
 3028 -0.423229 
 3029 -0.419908 
 3030 -0.461409 
 3031 -0.523899 
 3032 -0.545555 
 3033 -0.515596 
 3034 -0.514268 
 3035 -0.439639 
 3036 -0.438353 
 3037 -0.32899 
 3038 -0.430747 
 3039 -0.442433 
 3040 -0.45202 
 3041 -0.437982 
 3042 -0.484532 
 3043 -0.485554 
 3044 -0.437342 
 3045 -0.501752 
 3046 -0.467214 
 3047 -0.414741 
 3048 -0.396199 
 3049 -0.352336 
 3050 -0.3962 
 3051 -0.387311 
 3052 -0.439609 
 3053 -0.407724 
 3054 -0.389283 
 3055 -0.366863 
 3056 -0.388396 
 3057 -0.386374 
 3058 -0.358198 
 3059 -0.429856 
 3060 -0.506697 
 3061 -0.545104 
 3062 -0.443681 
 3063 -0.482266 
 3064 -0.430981 
 3065 -0.50597 
 3066 -0.403655 
 3067 -0.380253 
 3068 -0.362778 
 3069 -0.459604 
 3070 -0.474376 
 3071 -0.472257 
 3072 -0.484846 
 3073 -0.517627 
 3074 -0.411776 
 3075 -0.462502 
 3076 -0.432559 
 3077 -0.414437 
 3078 -0.408518 
 3079 -0.415559 
 3080 -0.375571 
 3081 -0.424098 
 3082 -0.432884 
 3083 -0.413581 
 3084 -0.413478 
 3085 -0.390748 
 3086 -0.361782 
 3087 -0.314229 
 3088 -0.326404 
 3089 -0.329806 
 3090 -0.310427 
 3091 -0.340404 
 3092 -0.337913 
 3093 -0.273839 
 3094 -0.404824 
 3095 -0.351423 
 3096 -0.400102 
 3097 -0.432537 
 3098 -0.484336 
 3099 -0.393028 
 3100 -0.398855 
 3101 -0.393311 
 3102 -0.363719 
 3103 -0.392716 
 3104 -0.390843 
 3105 -0.398078 
 3106 -0.354992 
 3107 -0.393909 
 3108 -0.447436 
 3109 -0.440501 
 3110 -0.430428 
 3111 -0.414793 
 3112 -0.36516 
 3113 -0.385101 
 3114 -0.468717 
 3115 -0.375621 
 3116 -0.373094 
 3117 -0.325201 
 3118 -0.374836 
 3119 -0.361747 
 3120 -0.385253 
 3121 -0.375794 
 3122 -0.347525 
 3123 -0.38526 
 3124 -0.392579 
 3125 -0.425053 
 3126 -0.447132 
 3127 -0.408899 
 3128 -0.460922 
 3129 -0.436045 
 3130 -0.451754 
 3131 -0.42421 
 3132 -0.480627 
 3133 -0.492337 
 3134 -0.470295 
 3135 -0.446205 
 3136 -0.393784 
 3137 -0.403286 
 3138 -0.352759 
 3139 -0.39953 
 3140 -0.473757 
 3141 -0.402169 
 3142 -0.39192 
 3143 -0.410649 
 3144 -0.473697 
 3145 -0.517021 
 3146 -0.422956 
 3147 -0.430346 
 3148 -0.389728 
 3149 -0.415807 
 3150 -0.371343 
 3151 -0.407325 
 3152 -0.413007 
 3153 -0.336952 
 3154 -0.400581 
 3155 -0.364335 
 3156 -0.329962 
 3157 -0.356502 
 3158 -0.353719 
 3159 -0.406949 
 3160 -0.438068 
 3161 -0.390698 
 3162 -0.443628 
 3163 -0.451719 
 3164 -0.436047 
 3165 -0.363183 
 3166 -0.353549 
 3167 -0.384286 
 3168 -0.402739 
 3169 -0.431345 
 3170 -0.463963 
 3171 -0.442017 
 3172 -0.445463 
 3173 -0.496044 
 3174 -0.420223 
 3175 -0.468266 
 3176 -0.391301 
 3177 -0.390218 
 3178 -0.448394 
 3179 -0.480696 
 3180 -0.469784 
 3181 -0.51016 
 3182 -0.518356 
 3183 -0.509825 
 3184 -0.447335 
 3185 -0.511683 
 3186 -0.404619 
 3187 -0.49795 
 3188 -0.556832 
 3189 -0.451918 
 3190 -0.467417 
 3191 -0.472061 
 3192 -0.495439 
 3193 -0.406662 
 3194 -0.446126 
 3195 -0.432334 
 3196 -0.354996 
 3197 -0.447131 
 3198 -0.517705 
 3199 -0.507523 
 3200 -0.494892 
 3201 -0.453018 
 3202 -0.436578 
 3203 -0.392771 
 3204 -0.387333 
 3205 -0.40482 
 3206 -0.373192 
 3207 -0.462247 
 3208 -0.461665 
 3209 -0.422189 
 3210 -0.356857 
 3211 -0.326917 
 3212 -0.380239 
 3213 -0.399592 
 3214 -0.394391 
 3215 -0.352064 
 3216 -0.362018 
 3217 -0.462935 
 3218 -0.513525 
 3219 -0.443028 
 3220 -0.344229 
 3221 -0.382775 
 3222 -0.351053 
 3223 -0.361007 
 3224 -0.397053 
 3225 -0.432604 
 3226 -0.457177 
 3227 -0.397822 
 3228 -0.437365 
 3229 -0.408118 
 3230 -0.430862 
 3231 -0.419957 
 3232 -0.372995 
 3233 -0.412522 
 3234 -0.357968 
 3235 -0.372999 
 3236 -0.45097 
 3237 -0.433639 
 3238 -0.379582 
 3239 -0.304675 
 3240 -0.390574 
 3241 -0.380492 
 3242 -0.361269 
 3243 -0.41633 
 3244 -0.421088 
 3245 -0.36415 
 3246 -0.372836 
 3247 -0.356503 
 3248 -0.352355 
 3249 -0.378943 
 3250 -0.464403 
 3251 -0.448181 
 3252 -0.401869 
 3253 -0.391913 
 3254 -0.467619 
 3255 -0.425642 
 3256 -0.3407 
 3257 -0.403114 
 3258 -0.394444 
 3259 -0.459103 
 3260 -0.452226 
 3261 -0.49357 
 3262 -0.400064 
 3263 -0.345042 
 3264 -0.361406 
 3265 -0.417851 
 3266 -0.382434 
 3267 -0.40505 
 3268 -0.465995 
 3269 -0.356222 
 3270 -0.382466 
 3271 -0.419961 
 3272 -0.406168 
 3273 -0.377129 
 3274 -0.418634 
 3275 -0.471313 
 3276 -0.451621 
 3277 -0.436251 
 3278 -0.399348 
 3279 -0.411229 
 3280 -0.49165 
 3281 -0.461089 
 3282 -0.460431 
 3283 -0.457336 
 3284 -0.516154 
 3285 -0.394434 
 3286 -0.460303 
 3287 -0.492855 
 3288 -0.467144 
 3289 -0.407184 
 3290 -0.442759 
 3291 -0.428472 
 3292 -0.425375 
 3293 -0.411893 
 3294 -0.416925 
 3295 -0.489831 
 3296 -0.445119 
 3297 -0.439778 
 3298 -0.50007 
 3299 -0.415176 
 3300 -0.394999 
 3301 -0.419433 
 3302 -0.43251 
 3303 -0.391405 
 3304 -0.427879 
 3305 -0.417521 
 3306 -0.378781 
 3307 -0.405676 
 3308 -0.419392 
 3309 -0.43106 
 3310 -0.372417 
 3311 -0.338664 
 3312 -0.360031 
 3313 -0.327721 
 3314 -0.331113 
 3315 -0.385076 
 3316 -0.372999 
 3317 -0.40273 
 3318 -0.449614 
 3319 -0.454987 
 3320 -0.439523 
 3321 -0.343743 
 3322 -0.371152 
 3323 -0.359286 
 3324 -0.377922 
 3325 -0.414515 
 3326 -0.39743 
 3327 -0.429208 
 3328 -0.484819 
 3329 -0.443761 
 3330 -0.379792 
 3331 -0.450411 
 3332 -0.342451 
 3333 -0.367764 
 3334 -0.425906 
 3335 -0.405111 
 3336 -0.459442 
 3337 -0.504439 
 3338 -0.519777 
 3339 -0.4961 
 3340 -0.473166 
 3341 -0.443181 
 3342 -0.384216 
 3343 -0.409471 
 3344 -0.412658 
 3345 -0.356698 
 3346 -0.37002 
 3347 -0.366543 
 3348 -0.388404 
 3349 -0.40582 
 3350 -0.484187 
 3351 -0.374903 
 3352 -0.380237 
 3353 -0.334502 
 3354 -0.402679 
 3355 -0.451798 
 3356 -0.439735 
 3357 -0.441909 
 3358 -0.453671 
 3359 -0.438133 
 3360 -0.455087 
 3361 -0.405409 
 3362 -0.303905 
 3363 -0.377775 
 3364 -0.464662 
 3365 -0.399597 
 3366 -0.389775 
 3367 -0.465851 
 3368 -0.385241 
 3369 -0.36639 
 3370 -0.384875 
 3371 -0.408704 
 3372 -0.338491 
 3373 -0.386718 
 3374 -0.374567 
 3375 -0.401938 
 3376 -0.41499 
 3377 -0.479688 
 3378 -0.457098 
 3379 -0.431744 
 3380 -0.460008 
 3381 -0.421441 
 3382 -0.443233 
 3383 -0.447877 
 3384 -0.328447 
 3385 -0.449188 
 3386 -0.439622 
 3387 -0.47495 
 3388 -0.42891 
 3389 -0.418219 
 3390 -0.39923 
 3391 -0.447911 
 3392 -0.450442 
 3393 -0.397375 
 3394 -0.380996 
 3395 -0.428989 
 3396 -0.41594 
 3397 -0.41778 
 3398 -0.357901 
 3399 -0.297617 
 3400 -0.354363 
 3401 -0.293309 
 3402 -0.294573 
 3403 -0.345814 
 3404 -0.367807 
 3405 -0.462536 
 3406 -0.444488 
 3407 -0.393264 
 3408 -0.414196 
 3409 -0.396765 
 3410 -0.407508 
 3411 -0.35188 
 3412 -0.379259 
 3413 -0.404119 
 3414 -0.393894 
 3415 -0.367332 
 3416 -0.381791 
 3417 -0.443145 
 3418 -0.519339 
 3419 -0.478082 
 3420 -0.49497 
 3421 -0.429396 
 3422 -0.339416 
 3423 -0.415799 
 3424 -0.37137 
 3425 -0.398351 
 3426 -0.390125 
 3427 -0.398569 
 3428 -0.525091 
 3429 -0.490757 
 3430 -0.416313 
 3431 -0.490025 
 3432 -0.425814 
 3433 -0.372707 
 3434 -0.494475 
 3435 -0.421797 
 3436 -0.365471 
 3437 -0.384962 
 3438 -0.427167 
 3439 -0.433581 
 3440 -0.392326 
 3441 -0.391444 
 3442 -0.391307 
 3443 -0.39973 
 3444 -0.364632 
 3445 -0.464428 
 3446 -0.441401 
 3447 -0.45878 
 3448 -0.536073 
 3449 -0.363435 
 3450 -0.375581 
 3451 -0.456443 
 3452 -0.382702 
 3453 -0.423225 
 3454 -0.357512 
 3455 -0.41979 
 3456 -0.458038 
 3457 -0.508333 
 3458 -0.494343 
 3459 -0.456058 
 3460 -0.456689 
 3461 -0.391979 
 3462 -0.379253 
 3463 -0.381217 
 3464 -0.374711 
 3465 -0.39794 
 3466 -0.4223 
 3467 -0.421926 
 3468 -0.363015 
 3469 -0.415722 
 3470 -0.409153 
 3471 -0.404633 
 3472 -0.422797 
 3473 -0.407484 
 3474 -0.35616 
 3475 -0.374181 
 3476 -0.328039 
 3477 -0.307712 
 3478 -0.349566 
 3479 -0.390427 
 3480 -0.365025 
 3481 -0.366336 
 3482 -0.383381 
 3483 -0.38482 
 3484 -0.350714 
 3485 -0.353315 
 3486 -0.362275 
 3487 -0.316426 
 3488 -0.400795 
 3489 -0.414751 
 3490 -0.443388 
 3491 -0.418356 
 3492 -0.442057 
 3493 -0.389608 
 3494 -0.381823 
 3495 -0.406373 
 3496 -0.359045 
 3497 -0.341278 
 3498 -0.317332 
 3499 -0.392008 
 3500 -0.459044 
 3501 -0.494689 
 3502 -0.472546 
 3503 -0.430287 
 3504 -0.386681 
 3505 -0.343378 
 3506 -0.353326 
 3507 -0.399629 
 3508 -0.445963 
 3509 -0.398566 
 3510 -0.380957 
 3511 -0.407568 
 3512 -0.435965 
 3513 -0.383203 
 3514 -0.37953 
 3515 -0.368773 
 3516 -0.341703 
 3517 -0.3439 
 3518 -0.400141 
 3519 -0.374688 
 3520 -0.408721 
 3521 -0.391097 
 3522 -0.340203 
 3523 -0.349837 
 3524 -0.376426 
 3525 -0.375548 
 3526 -0.409797 
 3527 -0.461483 
 3528 -0.475019 
 3529 -0.433321 
 3530 -0.359402 
 3531 -0.406224 
 3532 -0.370362 
 3533 -0.392107 
 3534 -0.297186 
 3535 -0.301099 
 3536 -0.310107 
 3537 -0.355447 
 3538 -0.321527 
 3539 -0.315017 
 3540 -0.319828 
 3541 -0.433255 
 3542 -0.426977 
 3543 -0.376013 
 3544 -0.3993 
 3545 -0.380683 
 3546 -0.371057 
 3547 -0.359443 
 3548 -0.369111 
 3549 -0.38552 
 3550 -0.434154 
 3551 -0.402526 
 3552 -0.372167 
 3553 -0.420824 
 3554 -0.368663 
 3555 -0.433166 
 3556 -0.420843 
 3557 -0.481826 
 3558 -0.396566 
 3559 -0.461845 
 3560 -0.465615 
 3561 -0.408017 
 3562 -0.402706 
 3563 -0.351483 
 3564 -0.370036 
 3565 -0.403521 
 3566 -0.470785 
 3567 -0.460279 
 3568 -0.414974 
 3569 -0.458374 
 3570 -0.438915 
 3571 -0.3986 
 3572 -0.400092 
 3573 -0.388895 
 3574 -0.410063 
 3575 -0.403489 
 3576 -0.426757 
 3577 -0.428366 
 3578 -0.398227 
 3579 -0.435134 
 3580 -0.420592 
 3581 -0.457853 
 3582 -0.384865 
 3583 -0.354915 
 3584 -0.426586 
 3585 -0.43396 
 3586 -0.433984 
 3587 -0.43151 
 3588 -0.402252 
 3589 -0.422781 
 3590 -0.413118 
 3591 -0.476198 
 3592 -0.473799 
 3593 -0.473527 
 3594 -0.401413 
 3595 -0.368446 
 3596 -0.30988 
 3597 -0.359501 
 3598 -0.386608 
 3599 -0.397002 
 3600 -0.349432 
 3601 -0.365789 
 3602 -0.357605 
 3603 -0.400928 
 3604 -0.391956 
 3605 -0.39655 
 3606 -0.459869 
 3607 -0.394823 
 3608 -0.460644 
 3609 -0.401404 
 3610 -0.413879 
 3611 -0.497786 
 3612 -0.427187 
 3613 -0.389137 
 3614 -0.389496 
 3615 -0.367919 
 3616 -0.399582 
 3617 -0.372171 
 3618 -0.399059 
 3619 -0.423773 
 3620 -0.349903 
 3621 -0.351275 
 3622 -0.367744 
 3623 -0.435543 
 3624 -0.415797 
 3625 -0.419896 
 3626 -0.338688 
 3627 -0.417373 
 3628 -0.352334 
 3629 -0.32467 
 3630 -0.29321 
 3631 -0.35124 
 3632 -0.354215 
 3633 -0.322528 
 3634 -0.345902 
 3635 -0.426092 
 3636 -0.451041 
 3637 -0.437207 
 3638 -0.367937 
 3639 -0.342998 
 3640 -0.367562 
 3641 -0.305579 
 3642 -0.380331 
 3643 -0.414539 
 3644 -0.423902 
 3645 -0.443807 
 3646 -0.443223 
 3647 -0.420726 
 3648 -0.388274 
 3649 -0.477781 
 3650 -0.479683 
 3651 -0.481 
 3652 -0.474291 
 3653 -0.471499 
 3654 -0.508572 
 3655 -0.465075 
 3656 -0.454877 
 3657 -0.4399 
 3658 -0.433361 
 3659 -0.420646 
 3660 -0.468294 
 3661 -0.413261 
 3662 -0.418083 
 3663 -0.448817 
 3664 -0.434766 
 3665 -0.453967 
 3666 -0.41551 
 3667 -0.388966 
 3668 -0.383172 
 3669 -0.414211 
 3670 -0.414819 
 3671 -0.359127 
 3672 -0.483385 
 3673 -0.434141 
 3674 -0.419667 
 3675 -0.409444 
 3676 -0.452062 
 3677 -0.358683 
 3678 -0.453261 
 3679 -0.395864 
 3680 -0.431827 
 3681 -0.362464 
 3682 -0.326479 
 3683 -0.29666 
 3684 -0.395217 
 3685 -0.358608 
 3686 -0.330723 
 3687 -0.312209 
 3688 -0.360288 
 3689 -0.354729 
 3690 -0.380587 
 3691 -0.394788 
 3692 -0.446155 
 3693 -0.4207 
 3694 -0.375522 
 3695 -0.386861 
 3696 -0.341229 
 3697 -0.37388 
 3698 -0.332681 
 3699 -0.406538 
 3700 -0.41453 
 3701 -0.346706 
 3702 -0.414022 
 3703 -0.351346 
 3704 -0.36747 
 3705 -0.324993 
 3706 -0.387613 
 3707 -0.409785 
 3708 -0.545244 
 3709 -0.533734 
 3710 -0.474772 
 3711 -0.50403 
 3712 -0.525939 
 3713 -0.518242 
 3714 -0.518969 
 3715 -0.485473 
 3716 -0.486917 
 3717 -0.466695 
 3718 -0.442978 
 3719 -0.420128 
 3720 -0.43939 
 3721 -0.417443 
 3722 -0.354613 
 3723 -0.343117 
 3724 -0.394414 
 3725 -0.364259 
 3726 -0.349189 
 3727 -0.46007 
 3728 -0.422451 
 3729 -0.350739 
 3730 -0.286914 
 3731 -0.333937 
 3732 -0.376068 
 3733 -0.416964 
 3734 -0.41911 
 3735 -0.445062 
 3736 -0.443924 
 3737 -0.481978 
 3738 -0.472626 
 3739 -0.482739 
 3740 -0.474007 
 3741 -0.521635 
 3742 -0.516501 
 3743 -0.574452 
 3744 -0.495733 
 3745 -0.468376 
 3746 -0.455691 
 3747 -0.435374 
 3748 -0.431106 
 3749 -0.420012 
 3750 -0.429919 
 3751 -0.426798 
 3752 -0.381939 
 3753 -0.45423 
 3754 -0.438839 
 3755 -0.458006 
 3756 -0.440626 
 3757 -0.490891 
 3758 -0.514666 
 3759 -0.512433 
 3760 -0.496542 
 3761 -0.45074 
 3762 -0.509228 
 3763 -0.543841 
 3764 -0.4925 
 3765 -0.483454 
 3766 -0.424015 
 3767 -0.440856 
 3768 -0.475877 
 3769 -0.445759 
 3770 -0.417768 
 3771 -0.43936 
 3772 -0.414108 
 3773 -0.434157 
 3774 -0.49414 
 3775 -0.467788 
 3776 -0.497885 
 3777 -0.435838 
 3778 -0.405441 
 3779 -0.394586 
 3780 -0.462338 
 3781 -0.440409 
 3782 -0.42082 
 3783 -0.458873 
 3784 -0.452531 
 3785 -0.450443 
 3786 -0.391042 
 3787 -0.429058 
 3788 -0.38109 
 3789 -0.421641 
 3790 -0.417205 
 3791 -0.457738 
 3792 -0.47674 
 3793 -0.452168 
 3794 -0.448529 
 3795 -0.517373 
 3796 -0.49349 
 3797 -0.510458 
 3798 -0.565116 
 3799 -0.470561 
 3800 -0.422079 
 3801 -0.447621 
 3802 -0.487351 
 3803 -0.457306 
 3804 -0.488449 
 3805 -0.40771 
 3806 -0.318116 
 3807 -0.329492 
 3808 -0.32773 
 3809 -0.405284 
 3810 -0.364569 
 3811 -0.353819 
 3812 -0.398586 
 3813 -0.291125 
 3814 -0.335097 
 3815 -0.335993 
 3816 -0.317165 
 3817 -0.409262 
 3818 -0.37705 
 3819 -0.335228 
 3820 -0.331334 
 3821 -0.357417 
 3822 -0.315542 
 3823 -0.347782 
 3824 -0.263876 
 3825 -0.335219 
 3826 -0.377312 
 3827 -0.389085 
 3828 -0.409566 
 3829 -0.410762 
 3830 -0.424035 
 3831 -0.418547 
 3832 -0.349133 
 3833 -0.370851 
 3834 -0.359477 
 3835 -0.35248 
 3836 -0.331267 
 3837 -0.422973 
 3838 -0.42423 
 3839 -0.403314 
 3840 -0.411746 
 3841 -0.430019 
 3842 -0.38697 
 3843 -0.406394 
 3844 -0.406658 
 3845 -0.355972 
 3846 -0.378646 
 3847 -0.433041 
 3848 -0.398212 
 3849 -0.355654 
 3850 -0.39576 
 3851 -0.414019 
 3852 -0.39728 
 3853 -0.461174 
 3854 -0.416307 
 3855 -0.409464 
 3856 -0.411921 
 3857 -0.388804 
 3858 -0.364413 
 3859 -0.30323 
 3860 -0.365869 
 3861 -0.381145 
 3862 -0.428392 
 3863 -0.389513 
 3864 -0.437795 
 3865 -0.387512 
 3866 -0.379966 
 3867 -0.407852 
 3868 -0.397576 
 3869 -0.447444 
 3870 -0.451342 
 3871 -0.415744 
 3872 -0.430441 
 3873 -0.415356 
 3874 -0.478201 
 3875 -0.519309 
 3876 -0.526579 
 3877 -0.523589 
 3878 -0.554364 
 3879 -0.564676 
 3880 -0.56032 
 3881 -0.511086 
 3882 -0.522392 
 3883 -0.53115 
 3884 -0.477722 
 3885 -0.427329 
 3886 -0.308967 
 3887 -0.436838 
 3888 -0.445977 
 3889 -0.442137 
 3890 -0.466178 
 3891 -0.391287 
 3892 -0.479715 
 3893 -0.464752 
 3894 -0.529652 
 3895 -0.474771 
 3896 -0.44135 
 3897 -0.42536 
 3898 -0.396281 
 3899 -0.420121 
 3900 -0.4593 
 3901 -0.411262 
 3902 -0.431832 
 3903 -0.398949 
 3904 -0.401338 
 3905 -0.371647 
 3906 -0.365912 
 3907 -0.394883 
 3908 -0.406057 
 3909 -0.411848 
 3910 -0.476094 
 3911 -0.478093 
 3912 -0.417305 
 3913 -0.406679 
 3914 -0.357082 
 3915 -0.410187 
 3916 -0.371072 
 3917 -0.391541 
 3918 -0.410096 
 3919 -0.416481 
 3920 -0.435961 
 3921 -0.487647 
 3922 -0.35589 
 3923 -0.340623 
 3924 -0.34848 
 3925 -0.340677 
 3926 -0.424737 
 3927 -0.429354 
 3928 -0.409814 
 3929 -0.308619 
 3930 -0.289314 
 3931 -0.273909 
 3932 -0.309949 
 3933 -0.33133 
 3934 -0.331615 
 3935 -0.379815 
 3936 -0.387859 
 3937 -0.446744 
 3938 -0.473816 
 3939 -0.464318 
 3940 -0.374167 
 3941 -0.363399 
 3942 -0.351877 
 3943 -0.382055 
 3944 -0.355154 
 3945 -0.378449 
 3946 -0.380645 
 3947 -0.395256 
 3948 -0.39726 
 3949 -0.318469 
 3950 -0.314433 
 3951 -0.320297 
 3952 -0.356853 
 3953 -0.394892 
 3954 -0.411177 
 3955 -0.326911 
 3956 -0.37346 
 3957 -0.387984 
 3958 -0.366754 
 3959 -0.424328 
 3960 -0.398252 
 3961 -0.428859 
 3962 -0.379085 
 3963 -0.448994 
 3964 -0.509169 
 3965 -0.508037 
 3966 -0.56268 
 3967 -0.545103 
 3968 -0.54126 
 3969 -0.526591 
 3970 -0.557758 
 3971 -0.557675 
 3972 -0.519164 
 3973 -0.51527 
 3974 -0.445271 
 3975 -0.42297 
 3976 -0.444052 
 3977 -0.380701 
 3978 -0.327123 
 3979 -0.368602 
 3980 -0.425305 
 3981 -0.39822 
 3982 -0.448957 
 3983 -0.442959 
 3984 -0.500338 
 3985 -0.484877 
 3986 -0.468259 
 3987 -0.490703 
 3988 -0.495282 
 3989 -0.389271 
 3990 -0.444973 
 3991 -0.414726 
 3992 -0.478393 
 3993 -0.425139 
 3994 -0.436985 
 3995 -0.483015 
 3996 -0.452731 
 3997 -0.4433 
 3998 -0.454946 
 3999 -0.337532 
 4000 -0.350321 
 4001 -0.305805 
 4002 -0.291082 
 4003 -0.363194 
 4004 -0.344284 
 4005 -0.424974 
 4006 -0.394783 
 4007 -0.394087 
 4008 -0.374277 
 4009 -0.381172 
 4010 -0.404649 
 4011 -0.380067 
 4012 -0.36389 
 4013 -0.422442 
 4014 -0.325893 
 4015 -0.348097 
 4016 -0.420772 
 4017 -0.44365 
 4018 -0.455141 
 4019 -0.424748 
 4020 -0.436078 
 4021 -0.382504 
 4022 -0.378603 
 4023 -0.425104 
 4024 -0.448726 
 4025 -0.473167 
 4026 -0.457758 
 4027 -0.393561 
 4028 -0.390571 
 4029 -0.410466 
 4030 -0.440397 
 4031 -0.436345 
 4032 -0.513417 
 4033 -0.487701 
 4034 -0.494454 
 4035 -0.409958 
 4036 -0.391914 
 4037 -0.405873 
 4038 -0.423391 
 4039 -0.383348 
 4040 -0.400754 
 4041 -0.412151 
 4042 -0.370504 
 4043 -0.390412 
 4044 -0.336835 
 4045 -0.38167 
 4046 -0.399413 
 4047 -0.351286 
 4048 -0.331094 
 4049 -0.331894 
 4050 -0.289406 
 4051 -0.375015 
 4052 -0.288207 
 4053 -0.393357 
 4054 -0.397454 
 4055 -0.466962 
 4056 -0.503964 
 4057 -0.541426 
 4058 -0.493436 
 4059 -0.442687 
 4060 -0.433315 
 4061 -0.421752 
 4062 -0.44025 
 4063 -0.384234 
 4064 -0.321816 
 4065 -0.304529 
 4066 -0.331421 
 4067 -0.343281 
 4068 -0.377262 
 4069 -0.341349 
 4070 -0.402525 
 4071 -0.405372 
 4072 -0.431898 
 4073 -0.390093 
 4074 -0.341186 
 4075 -0.318216 
 4076 -0.376168 
 4077 -0.329046 
 4078 -0.309899 
 4079 -0.350945 
 4080 -0.322285 
 4081 -0.356528 
 4082 -0.318449 
 4083 -0.388943 
 4084 -0.381654 
 4085 -0.373973 
 4086 -0.378444 
 4087 -0.350128 
 4088 -0.38645 
 4089 -0.438174 
 4090 -0.408107 
 4091 -0.392349 
 4092 -0.354987 
 4093 -0.389549 
 4094 -0.370407 
 4095 -0.384256 
 4096 -0.415268 
 4097 -0.450064 
 4098 -0.456806 
 4099 -0.430468 
 4100 -0.434908 
 4101 -0.426263 
 4102 -0.424467 
 4103 -0.389699 
 4104 -0.4404 
 4105 -0.428239 
 4106 -0.400596 
 4107 -0.419512 
 4108 -0.42782 
 4109 -0.422937 
 4110 -0.505028 
 4111 -0.526425 
 4112 -0.571159 
 4113 -0.508503 
 4114 -0.461747 
 4115 -0.456189 
 4116 -0.446882 
 4117 -0.407246 
 4118 -0.383246 
 4119 -0.419709 
 4120 -0.473974 
 4121 -0.388549 
 4122 -0.511419 
 4123 -0.466686 
 4124 -0.436233 
 4125 -0.352703 
 4126 -0.361425 
 4127 -0.381003 
 4128 -0.395736 
 4129 -0.42243 
 4130 -0.393559 
 4131 -0.369267 
 4132 -0.41186 
 4133 -0.437586 
 4134 -0.429076 
 4135 -0.469888 
 4136 -0.561101 
 4137 -0.470213 
 4138 -0.490922 
 4139 -0.471322 
 4140 -0.466628 
 4141 -0.42683 
 4142 -0.483808 
 4143 -0.460765 
 4144 -0.366061 
 4145 -0.387712 
 4146 -0.414305 
 4147 -0.426203 
 4148 -0.417442 
 4149 -0.383599 
 4150 -0.458667 
 4151 -0.474369 
 4152 -0.456163 
 4153 -0.419952 
 4154 -0.400277 
 4155 -0.383215 
 4156 -0.396683 
 4157 -0.378935 
 4158 -0.363581 
 4159 -0.479752 
 4160 -0.426478 
 4161 -0.383195 
 4162 -0.399611 
 4163 -0.412478 
 4164 -0.439584 
 4165 -0.469579 
 4166 -0.374131 
 4167 -0.388109 
 4168 -0.41559 
 4169 -0.410569 
 4170 -0.399959 
 4171 -0.378341 
 4172 -0.378005 
 4173 -0.416476 
 4174 -0.449481 
 4175 -0.502497 
 4176 -0.440446 
 4177 -0.399692 
 4178 -0.463036 
 4179 -0.423445 
 4180 -0.426845 
 4181 -0.404165 
 4182 -0.413685 
 4183 -0.406673 
 4184 -0.471444 
 4185 -0.493524 
 4186 -0.433427 
 4187 -0.4315 
 4188 -0.537011 
 4189 -0.563885 
 4190 -0.557668 
 4191 -0.525628 
 4192 -0.544535 
 4193 -0.470573 
 4194 -0.451508 
 4195 -0.441902 
 4196 -0.471821 
 4197 -0.440122 
 4198 -0.479358 
 4199 -0.477216 
 4200 -0.52817 
 4201 -0.565616 
 4202 -0.481741 
 4203 -0.418405 
 4204 -0.415939 
 4205 -0.391534 
 4206 -0.408057 
 4207 -0.430486 
 4208 -0.512984 
 4209 -0.475151 
 4210 -0.421904 
 4211 -0.456228 
 4212 -0.526637 
 4213 -0.544007 
 4214 -0.440677 
 4215 -0.497054 
 4216 -0.538235 
 4217 -0.520947 
 4218 -0.585008 
 4219 -0.500541 
 4220 -0.479697 
 4221 -0.485327 
 4222 -0.441408 
 4223 -0.47253 
 4224 -0.465608 
 4225 -0.422916 
 4226 -0.421525 
 4227 -0.544151 
 4228 -0.517201 
 4229 -0.451944 
 4230 -0.440101 
 4231 -0.443306 
 4232 -0.340205 
 4233 -0.379125 
 4234 -0.383622 
 4235 -0.397095 
 4236 -0.372897 
 4237 -0.536479 
 4238 -0.505633 
 4239 -0.532597 
 4240 -0.478574 
 4241 -0.413033 
 4242 -0.423794 
 4243 -0.431997 
 4244 -0.437942 
 4245 -0.441612 
 4246 -0.482513 
 4247 -0.463069 
 4248 -0.375211 
 4249 -0.437788 
 4250 -0.410681 
 4251 -0.382098 
 4252 -0.448561 
 4253 -0.413193 
 4254 -0.36379 
 4255 -0.440701 
 4256 -0.481403 
 4257 -0.441783 
 4258 -0.34759 
 4259 -0.369387 
 4260 -0.392273 
 4261 -0.391611 
 4262 -0.446173 
 4263 -0.406067 
 4264 -0.438113 
 4265 -0.474795 
 4266 -0.443901 
 4267 -0.434002 
 4268 -0.407947 
 4269 -0.398567 
 4270 -0.484151 
 4271 -0.523145 
 4272 -0.479891 
 4273 -0.383822 
 4274 -0.373028 
 4275 -0.424267 
 4276 -0.443761 
 4277 -0.394503 
 4278 -0.336452 
 4279 -0.38491 
 4280 -0.327841 
 4281 -0.355578 
 4282 -0.362608 
 4283 -0.36862 
 4284 -0.4 
 4285 -0.40516 
 4286 -0.433065 
 4287 -0.374049 
 4288 -0.38459 
 4289 -0.466244 
 4290 -0.437314 
 4291 -0.40144 
 4292 -0.43019 
 4293 -0.399771 
 4294 -0.402421 
 4295 -0.3675 
 4296 -0.351143 
 4297 -0.316344 
 4298 -0.347364 
 4299 -0.432699 
 4300 -0.400093 
 4301 -0.411011 
 4302 -0.380895 
 4303 -0.415205 
 4304 -0.444549 
 4305 -0.452545 
 4306 -0.464483 
 4307 -0.433895 
 4308 -0.500768 
 4309 -0.486286 
 4310 -0.520844 
 4311 -0.441745 
 4312 -0.380811 
 4313 -0.375276 
 4314 -0.430895 
 4315 -0.362328 
 4316 -0.40103 
 4317 -0.424323 
 4318 -0.4725 
 4319 -0.367585 
 4320 -0.43125 
 4321 -0.498719 
 4322 -0.533668 
 4323 -0.471515 
 4324 -0.407519 
 4325 -0.419532 
 4326 -0.396602 
 4327 -0.373824 
 4328 -0.382332 
 4329 -0.386973 
 4330 -0.34214 
 4331 -0.380689 
 4332 -0.374744 
 4333 -0.381237 
 4334 -0.407785 
 4335 -0.409232 
 4336 -0.407565 
 4337 -0.377249 
 4338 -0.403897 
 4339 -0.420344 
 4340 -0.426786 
 4341 -0.408225 
 4342 -0.398588 
 4343 -0.383688 
 4344 -0.323811 
 4345 -0.363372 
 4346 -0.430945 
 4347 -0.37426 
 4348 -0.434653 
 4349 -0.433847 
 4350 -0.425025 
 4351 -0.438997 
 4352 -0.491836 
 4353 -0.520988 
 4354 -0.464622 
 4355 -0.399547 
 4356 -0.43223 
 4357 -0.394426 
 4358 -0.302761 
 4359 -0.292137 
 4360 -0.376808 
 4361 -0.453661 
 4362 -0.41748 
 4363 -0.450624 
 4364 -0.40887 
 4365 -0.360794 
 4366 -0.429921 
 4367 -0.379359 
 4368 -0.342427 
 4369 -0.385257 
 4370 -0.400398 
 4371 -0.350022 
 4372 -0.378359 
 4373 -0.42663 
 4374 -0.410533 
 4375 -0.396797 
 4376 -0.420569 
 4377 -0.4064 
 4378 -0.398821 
 4379 -0.429232 
 4380 -0.380893 
 4381 -0.417456 
 4382 -0.458686 
 4383 -0.365206 
 4384 -0.284733 
 4385 -0.378843 
 4386 -0.386418 
 4387 -0.354311 
 4388 -0.332935 
 4389 -0.388762 
 4390 -0.413746 
 4391 -0.432894 
 4392 -0.497838 
 4393 -0.442623 
 4394 -0.431447 
 4395 -0.477439 
 4396 -0.40205 
 4397 -0.388764 
 4398 -0.399298 
 4399 -0.380242 
 4400 -0.416424 
 4401 -0.42258 
 4402 -0.394664 
 4403 -0.412597 
 4404 -0.395525 
 4405 -0.39816 
 4406 -0.368609 
 4407 -0.486571 
 4408 -0.46435 
 4409 -0.410909 
 4410 -0.450833 
 4411 -0.399255 
 4412 -0.399108 
 4413 -0.362948 
 4414 -0.327397 
 4415 -0.325801 
 4416 -0.399862 
 4417 -0.416043 
 4418 -0.408774 
 4419 -0.39102 
 4420 -0.371012 
 4421 -0.392174 
 4422 -0.381014 
 4423 -0.367791 
 4424 -0.360568 
 4425 -0.361415 
 4426 -0.416578 
 4427 -0.414059 
 4428 -0.451372 
 4429 -0.435784 
 4430 -0.460093 
 4431 -0.395107 
 4432 -0.341573 
 4433 -0.359969 
 4434 -0.358252 
 4435 -0.345014 
 4436 -0.326322 
 4437 -0.4335 
 4438 -0.432088 
 4439 -0.523714 
 4440 -0.606128 
 4441 -0.550041 
 4442 -0.482078 
 4443 -0.421095 
 4444 -0.454987 
 4445 -0.4618 
 4446 -0.400687 
 4447 -0.407375 
 4448 -0.449338 
 4449 -0.40192 
 4450 -0.489516 
 4451 -0.36169 
 4452 -0.338265 
 4453 -0.419213 
 4454 -0.431192 
 4455 -0.422793 
 4456 -0.477695 
 4457 -0.438287 
 4458 -0.475969 
 4459 -0.476396 
 4460 -0.553437 
 4461 -0.555802 
 4462 -0.526604 
 4463 -0.429371 
 4464 -0.419774 
 4465 -0.448469 
 4466 -0.398387 
 4467 -0.466245 
 4468 -0.377035 
 4469 -0.42707 
 4470 -0.456255 
 4471 -0.428291 
 4472 -0.446396 
 4473 -0.432392 
 4474 -0.348813 
 4475 -0.369964 
 4476 -0.386018 
 4477 -0.339316 
 4478 -0.363517 
 4479 -0.394595 
 4480 -0.418564 
 4481 -0.418817 
 4482 -0.444849 
 4483 -0.410714 
 4484 -0.450333 
 4485 -0.42082 
 4486 -0.391464 
 4487 -0.385487 
 4488 -0.445065 
 4489 -0.386481 
 4490 -0.410158 
 4491 -0.515124 
 4492 -0.536863 
 4493 -0.515817 
 4494 -0.464484 
 4495 -0.419827 
 4496 -0.482873 
 4497 -0.539505 
 4498 -0.496655 
 4499 -0.453594 
 4500 -0.452904 
 4501 -0.490758 
 4502 -0.438584 
 4503 -0.525685 
 4504 -0.507065 
 4505 -0.523754 
 4506 -0.427834 
 4507 -0.453972 
 4508 -0.409293 
 4509 -0.491581 
 4510 -0.502001 
 4511 -0.5054 
 4512 -0.418774 
 4513 -0.436947 
 4514 -0.386202 
 4515 -0.390594 
 4516 -0.414711 
 4517 -0.410533 
 4518 -0.43983 
 4519 -0.431177 
 4520 -0.432264 
 4521 -0.429471 
 4522 -0.346358 
 4523 -0.400323 
 4524 -0.375175 
 4525 -0.36099 
 4526 -0.393897 
 4527 -0.452569 
 4528 -0.467933 
 4529 -0.457742 
 4530 -0.416467 
 4531 -0.39205 
 4532 -0.328147 
 4533 -0.442274 
 4534 -0.441881 
 4535 -0.384655 
 4536 -0.387165 
 4537 -0.35869 
 4538 -0.35958 
 4539 -0.363731 
 4540 -0.329244 
 4541 -0.335186 
 4542 -0.408352 
 4543 -0.465158 
 4544 -0.434229 
 4545 -0.354367 
 4546 -0.479655 
 4547 -0.427772 
 4548 -0.434233 
 4549 -0.439614 
 4550 -0.405017 
 4551 -0.379653 
 4552 -0.430042 
 4553 -0.473381 
 4554 -0.395918 
 4555 -0.414284 
 4556 -0.407097 
 4557 -0.430335 
 4558 -0.467001 
 4559 -0.50442 
 4560 -0.52201 
 4561 -0.486111 
 4562 -0.461937 
 4563 -0.415828 
 4564 -0.401513 
 4565 -0.378405 
 4566 -0.340556 
 4567 -0.378898 
 4568 -0.37373 
 4569 -0.355323 
 4570 -0.399018 
 4571 -0.460164 
 4572 -0.424774 
 4573 -0.406738 
 4574 -0.398172 
 4575 -0.442068 
 4576 -0.475276 
 4577 -0.418958 
 4578 -0.442207 
 4579 -0.411956 
 4580 -0.45285 
 4581 -0.44602 
 4582 -0.387052 
 4583 -0.501396 
 4584 -0.471239 
 4585 -0.44516 
 4586 -0.407541 
 4587 -0.344162 
 4588 -0.325531 
 4589 -0.380886 
 4590 -0.402908 
 4591 -0.487269 
 4592 -0.434186 
 4593 -0.397722 
 4594 -0.478505 
 4595 -0.503038 
 4596 -0.422505 
 4597 -0.448552 
 4598 -0.380701 
 4599 -0.343317 
 4600 -0.335838 
 4601 -0.313495 
 4602 -0.399203 
 4603 -0.41739 
 4604 -0.420774 
 4605 -0.432963 
 4606 -0.476622 
 4607 -0.439037 
 4608 -0.453014 
 4609 -0.383937 
 4610 -0.368703 
 4611 -0.356296 
 4612 -0.344561 
 4613 -0.386319 
 4614 -0.339609 
 4615 -0.381772 
 4616 -0.423853 
 4617 -0.389666 
 4618 -0.388195 
 4619 -0.428271 
 4620 -0.441258 
 4621 -0.403722 
 4622 -0.337141 
 4623 -0.387017 
 4624 -0.352761 
 4625 -0.328157 
 4626 -0.378512 
 4627 -0.417437 
 4628 -0.445749 
 4629 -0.406579 
 4630 -0.440667 
 4631 -0.465434 
 4632 -0.433772 
 4633 -0.407914 
 4634 -0.410962 
 4635 -0.397112 
 4636 -0.467189 
 4637 -0.44258 
 4638 -0.457837 
 4639 -0.435284 
 4640 -0.370218 
 4641 -0.388681 
 4642 -0.384695 
 4643 -0.373779 
 4644 -0.360256 
 4645 -0.357557 
 4646 -0.45735 
 4647 -0.401758 
 4648 -0.458168 
 4649 -0.433047 
 4650 -0.424164 
 4651 -0.497047 
 4652 -0.436545 
 4653 -0.402651 
 4654 -0.346556 
 4655 -0.337637 
 4656 -0.322889 
 4657 -0.353854 
 4658 -0.279293 
 4659 -0.408505 
 4660 -0.409276 
 4661 -0.396319 
 4662 -0.386552 
 4663 -0.371022 
 4664 -0.403568 
 4665 -0.420044 
 4666 -0.362153 
 4667 -0.371008 
 4668 -0.388523 
 4669 -0.428513 
 4670 -0.409493 
 4671 -0.405462 
 4672 -0.387035 
 4673 -0.316077 
 4674 -0.412844 
 4675 -0.351183 
 4676 -0.362592 
 4677 -0.482822 
 4678 -0.433535 
 4679 -0.483979 
 4680 -0.375983 
 4681 -0.471865 
 4682 -0.420686 
 4683 -0.488571 
 4684 -0.434998 
 4685 -0.457857 
 4686 -0.488133 
 4687 -0.530219 
 4688 -0.413638 
 4689 -0.368726 
 4690 -0.389558 
 4691 -0.392723 
 4692 -0.381453 
 4693 -0.349251 
 4694 -0.375541 
 4695 -0.343456 
 4696 -0.402665 
 4697 -0.397482 
 4698 -0.417378 
 4699 -0.411454 
 4700 -0.346114 
 4701 -0.381156 
 4702 -0.413467 
 4703 -0.383207 
 4704 -0.436029 
 4705 -0.359068 
 4706 -0.429392 
 4707 -0.398312 
 4708 -0.372835 
 4709 -0.439357 
 4710 -0.497244 
 4711 -0.447913 
 4712 -0.422141 
 4713 -0.463084 
 4714 -0.369889 
 4715 -0.374709 
 4716 -0.342502 
 4717 -0.307617 
 4718 -0.37674 
 4719 -0.390008 
 4720 -0.441777 
 4721 -0.409708 
 4722 -0.446483 
 4723 -0.392514 
 4724 -0.419714 
 4725 -0.406667 
 4726 -0.400769 
 4727 -0.463221 
 4728 -0.463564 
 4729 -0.465163 
 4730 -0.486199 
 4731 -0.477347 
 4732 -0.427574 
 4733 -0.534438 
 4734 -0.54712 
 4735 -0.569514 
 4736 -0.59381 
 4737 -0.532218 
 4738 -0.543646 
 4739 -0.60448 
 4740 -0.530411 
 4741 -0.53663 
 4742 -0.545997 
 4743 -0.51084 
 4744 -0.479884 
 4745 -0.471559 
 4746 -0.519854 
 4747 -0.462045 
 4748 -0.579487 
 4749 -0.467024 
 4750 -0.498744 
 4751 -0.49345 
 4752 -0.45784 
 4753 -0.487496 
 4754 -0.436156 
 4755 -0.406882 
 4756 -0.469987 
 4757 -0.448109 
 4758 -0.424667 
 4759 -0.362332 
 4760 -0.385091 
 4761 -0.386461 
 4762 -0.344905 
 4763 -0.383978 
 4764 -0.389183 
 4765 -0.423961 
 4766 -0.364602 
 4767 -0.409783 
 4768 -0.479133 
 4769 -0.477366 
 4770 -0.521348 
 4771 -0.518845 
 4772 -0.51298 
 4773 -0.495832 
 4774 -0.572946 
 4775 -0.533538 
 4776 -0.504781 
 4777 -0.508242 
 4778 -0.432285 
 4779 -0.39718 
 4780 -0.41007 
 4781 -0.435516 
 4782 -0.405714 
 4783 -0.397115 
 4784 -0.410719 
 4785 -0.48456 
 4786 -0.433264 
 4787 -0.442445 
 4788 -0.413952 
 4789 -0.445885 
 4790 -0.505163 
 4791 -0.498327 
 4792 -0.478034 
 4793 -0.42073 
 4794 -0.389261 
 4795 -0.365236 
 4796 -0.376705 
 4797 -0.354847 
 4798 -0.391612 
 4799 -0.341238 
 4800 -0.329564 
 4801 -0.403091 
 4802 -0.414394 
 4803 -0.413113 
 4804 -0.432866 
 4805 -0.438655 
 4806 -0.418031 
 4807 -0.447341 
 4808 -0.452715 
 4809 -0.358758 
 4810 -0.460393 
 4811 -0.476794 
 4812 -0.491699 
 4813 -0.50389 
 4814 -0.476749 
 4815 -0.425353 
 4816 -0.393801 
 4817 -0.459503 
 4818 -0.416476 
 4819 -0.4587 
 4820 -0.392155 
 4821 -0.370391 
 4822 -0.425136 
 4823 -0.368162 
 4824 -0.358538 
 4825 -0.350158 
 4826 -0.429034 
 4827 -0.456073 
 4828 -0.434935 
 4829 -0.433912 
 4830 -0.51496 
 4831 -0.510641 
 4832 -0.492239 
 4833 -0.496296 
 4834 -0.366976 
 4835 -0.363764 
 4836 -0.336102 
 4837 -0.337145 
 4838 -0.345839 
 4839 -0.369791 
 4840 -0.368945 
 4841 -0.336891 
 4842 -0.375104 
 4843 -0.383628 
 4844 -0.382034 
 4845 -0.46957 
 4846 -0.493549 
 4847 -0.46714 
 4848 -0.402915 
 4849 -0.319261 
 4850 -0.378559 
 4851 -0.338463 
 4852 -0.294503 
 4853 -0.325865 
 4854 -0.322063 
 4855 -0.318353 
 4856 -0.395541 
 4857 -0.332836 
 4858 -0.324517 
 4859 -0.339494 
 4860 -0.375438 
 4861 -0.391484 
 4862 -0.425337 
 4863 -0.409798 
 4864 -0.347334 
 4865 -0.323355 
 4866 -0.382902 
 4867 -0.368067 
 4868 -0.407887 
 4869 -0.437653 
 4870 -0.448798 
 4871 -0.432494 
 4872 -0.407859 
 4873 -0.373213 
 4874 -0.308701 
 4875 -0.381254 
 4876 -0.398616 
 4877 -0.384875 
 4878 -0.458036 
 4879 -0.435535 
 4880 -0.429987 
 4881 -0.432707 
 4882 -0.434785 
 4883 -0.470514 
 4884 -0.437987 
 4885 -0.477525 
 4886 -0.475782 
 4887 -0.441797 
 4888 -0.435155 
 4889 -0.416961 
 4890 -0.391709 
 4891 -0.38881 
 4892 -0.39243 
 4893 -0.397256 
 4894 -0.413639 
 4895 -0.478194 
 4896 -0.468683 
 4897 -0.484825 
 4898 -0.465119 
 4899 -0.43906 
 4900 -0.376385 
 4901 -0.40558 
 4902 -0.41424 
 4903 -0.438313 
 4904 -0.376654 
 4905 -0.366713 
 4906 -0.3965 
 4907 -0.345536 
 4908 -0.35112 
 4909 -0.270515 
 4910 -0.335366 
 4911 -0.364103 
 4912 -0.385883 
 4913 -0.461891 
 4914 -0.424967 
 4915 -0.404822 
 4916 -0.43933 
 4917 -0.390948 
 4918 -0.445053 
 4919 -0.412527 
 4920 -0.418558 
 4921 -0.433924 
 4922 -0.453128 
 4923 -0.372142 
 4924 -0.405363 
 4925 -0.36954 
 4926 -0.458765 
 4927 -0.451784 
 4928 -0.358656 
 4929 -0.3563 
 4930 -0.385115 
 4931 -0.379369 
 4932 -0.451249 
 4933 -0.438035 
 4934 -0.418451 
 4935 -0.405321 
 4936 -0.398655 
 4937 -0.356988 
 4938 -0.365549 
 4939 -0.338757 
 4940 -0.338337 
 4941 -0.363717 
 4942 -0.388411 
 4943 -0.367261 
 4944 -0.376733 
 4945 -0.405172 
 4946 -0.332886 
 4947 -0.347982 
 4948 -0.345231 
 4949 -0.337354 
 4950 -0.405078 
 4951 -0.39804 
 4952 -0.363558 
 4953 -0.36933 
 4954 -0.382956 
 4955 -0.351138 
 4956 -0.432376 
 4957 -0.382374 
 4958 -0.416629 
 4959 -0.420142 
 4960 -0.448652 
 4961 -0.461942 
 4962 -0.457104 
 4963 -0.434797 
 4964 -0.454176 
 4965 -0.459393 
 4966 -0.450092 
 4967 -0.436794 
 4968 -0.456916 
 4969 -0.478888 
 4970 -0.406973 
 4971 -0.387743 
 4972 -0.400404 
 4973 -0.451298 
 4974 -0.49251 
 4975 -0.437961 
 4976 -0.411845 
 4977 -0.41001 
 4978 -0.420633 
 4979 -0.41664 
 4980 -0.464745 
 4981 -0.422819 
 4982 -0.376339 
 4983 -0.361074 
 4984 -0.357334 
 4985 -0.313569 
 4986 -0.324165 
 4987 -0.332148 
 4988 -0.347346 
 4989 -0.379212 
 4990 -0.377471 
 4991 -0.386749 
 4992 -0.400565 
 4993 -0.44857 
 4994 -0.419584 
 4995 -0.363602 
 4996 -0.354004 
 4997 -0.360708 
 4998 -0.418886 
 4999 -0.377296 
 5000 -0.386571 
