 1 -6.57888 
 2 -6.48841 
 3 -6.37836 
 4 -6.3123 
 5 -6.27007 
 6 -6.15734 
 7 -6.08491 
 8 -6.06829 
 9 -6.02697 
 10 -5.99832 
 11 -5.9631 
 12 -6.01709 
 13 -5.92633 
 14 -5.91792 
 15 -5.84003 
 16 -5.81354 
 17 -5.81239 
 18 -5.8453 
 19 -5.81867 
 20 -5.81008 
 21 -5.76041 
 22 -5.74665 
 23 -5.86227 
 24 -5.90238 
 25 -5.86062 
 26 -5.81523 
 27 -5.8521 
 28 -5.85417 
 29 -5.82188 
 30 -5.81758 
 31 -5.76815 
 32 -5.72352 
 33 -5.74069 
 34 -5.76655 
 35 -5.76197 
 36 -5.79155 
 37 -5.75313 
 38 -5.77888 
 39 -5.726 
 40 -5.66495 
 41 -5.59157 
 42 -5.58131 
 43 -5.66646 
 44 -5.66888 
 45 -5.59615 
 46 -5.66598 
 47 -5.80563 
 48 -5.77102 
 49 -5.74919 
 50 -5.79231 
 51 -5.91342 
 52 -5.81928 
 53 -5.86957 
 54 -5.87979 
 55 -5.83039 
 56 -5.77989 
 57 -5.78478 
 58 -5.79904 
 59 -5.75383 
 60 -5.72322 
 61 -5.72785 
 62 -5.65225 
 63 -5.68187 
 64 -5.68004 
 65 -5.77758 
 66 -5.77925 
 67 -5.723 
 68 -5.74609 
 69 -5.72741 
 70 -5.62859 
 71 -5.63901 
 72 -5.65097 
 73 -5.80701 
 74 -5.72289 
 75 -5.64341 
 76 -5.66266 
 77 -5.64879 
 78 -5.66997 
 79 -5.64736 
 80 -5.65033 
 81 -5.71697 
 82 -5.68822 
 83 -5.6897 
 84 -5.65435 
 85 -5.6138 
 86 -5.57795 
 87 -5.52262 
 88 -5.63718 
 89 -5.50352 
 90 -5.56426 
 91 -5.57735 
 92 -5.62291 
 93 -5.55659 
 94 -5.4957 
 95 -5.50397 
 96 -5.42407 
 97 -5.40879 
 98 -5.516 
 99 -5.4375 
 100 -5.44497 
 101 -5.50657 
 102 -5.46878 
 103 -5.47689 
 104 -5.53844 
 105 -5.58652 
 106 -5.57188 
 107 -5.59675 
 108 -5.48446 
 109 -5.43782 
 110 -5.42086 
 111 -5.41739 
 112 -5.47041 
 113 -5.57403 
 114 -5.44757 
 115 -5.38279 
 116 -5.43629 
 117 -5.5079 
 118 -5.45103 
 119 -5.49679 
 120 -5.59419 
 121 -5.62132 
 122 -5.49805 
 123 -5.6008 
 124 -5.57501 
 125 -5.38132 
 126 -5.39461 
 127 -5.43467 
 128 -5.50722 
 129 -5.43369 
 130 -5.47619 
 131 -5.47225 
 132 -5.5 
 133 -5.57266 
 134 -5.53163 
 135 -5.4124 
 136 -5.51227 
 137 -5.54134 
 138 -5.63219 
 139 -5.63913 
 140 -5.64049 
 141 -5.61494 
 142 -5.58401 
 143 -5.49448 
 144 -5.57871 
 145 -5.58773 
 146 -5.53609 
 147 -5.59949 
 148 -5.65173 
 149 -5.67514 
 150 -5.57064 
 151 -5.51362 
 152 -5.53072 
 153 -5.43952 
 154 -5.53435 
 155 -5.5432 
 156 -5.65731 
 157 -5.63427 
 158 -5.60899 
 159 -5.5979 
 160 -5.70329 
 161 -5.58687 
 162 -5.60871 
 163 -5.56355 
 164 -5.58018 
 165 -5.532 
 166 -5.52197 
 167 -5.55018 
 168 -5.48056 
 169 -5.51182 
 170 -5.47835 
 171 -5.46456 
 172 -5.31749 
 173 -5.18119 
 174 -5.18123 
 175 -5.47309 
 176 -5.37766 
 177 -5.4835 
 178 -5.44493 
 179 -5.48774 
 180 -5.45786 
 181 -5.50178 
 182 -5.47409 
 183 -5.43382 
 184 -5.42054 
 185 -5.40596 
 186 -5.44476 
 187 -5.45366 
 188 -5.43456 
 189 -5.46476 
 190 -5.56601 
 191 -5.48158 
 192 -5.46537 
 193 -5.3278 
 194 -5.36458 
 195 -5.45151 
 196 -5.43052 
 197 -5.44191 
 198 -5.52366 
 199 -5.51998 
 200 -5.5158 
 201 -5.50375 
 202 -5.52755 
 203 -5.54645 
 204 -5.61417 
 205 -5.62324 
 206 -5.56598 
 207 -5.49114 
 208 -5.45191 
 209 -5.51261 
 210 -5.52493 
 211 -5.44263 
 212 -5.5173 
 213 -5.55741 
 214 -5.63768 
 215 -5.65287 
 216 -5.70219 
 217 -5.59249 
 218 -5.67849 
 219 -5.75791 
 220 -5.79416 
 221 -5.71029 
 222 -5.71473 
 223 -5.66735 
 224 -5.62241 
 225 -5.59887 
 226 -5.57453 
 227 -5.48734 
 228 -5.40523 
 229 -5.35903 
 230 -5.36435 
 231 -5.4291 
 232 -5.47937 
 233 -5.47843 
 234 -5.43597 
 235 -5.53993 
 236 -5.56695 
 237 -5.55276 
 238 -5.48397 
 239 -5.41463 
 240 -5.41757 
 241 -5.44317 
 242 -5.50099 
 243 -5.44679 
 244 -5.50656 
 245 -5.48963 
 246 -5.58161 
 247 -5.56961 
 248 -5.59645 
 249 -5.62404 
 250 -5.4831 
 251 -5.25226 
 252 -5.24723 
 253 -5.36544 
 254 -5.38265 
 255 -5.40238 
 256 -5.42052 
 257 -5.47632 
 258 -5.52468 
 259 -5.59755 
 260 -5.50675 
 261 -5.50227 
 262 -5.55686 
 263 -5.53697 
 264 -5.56122 
 265 -5.46112 
 266 -5.50513 
 267 -5.57885 
 268 -5.50893 
 269 -5.49437 
 270 -5.44833 
 271 -5.54039 
 272 -5.43422 
 273 -5.45451 
 274 -5.54066 
 275 -5.58856 
 276 -5.49415 
 277 -5.46962 
 278 -5.46759 
 279 -5.5113 
 280 -5.53884 
 281 -5.50725 
 282 -5.58775 
 283 -5.51859 
 284 -5.49093 
 285 -5.55715 
 286 -5.52009 
 287 -5.56868 
 288 -5.5226 
 289 -5.4266 
 290 -5.41105 
 291 -5.40292 
 292 -5.4466 
 293 -5.46546 
 294 -5.49508 
 295 -5.48727 
 296 -5.52253 
 297 -5.42009 
 298 -5.4252 
 299 -5.43822 
 300 -5.40265 
 301 -5.45006 
 302 -5.57868 
 303 -5.47002 
 304 -5.4286 
 305 -5.43028 
 306 -5.42461 
 307 -5.45701 
 308 -5.39949 
 309 -5.52001 
 310 -5.43404 
 311 -5.54339 
 312 -5.50191 
 313 -5.6051 
 314 -5.59888 
 315 -5.4592 
 316 -5.53684 
 317 -5.62839 
 318 -5.6389 
 319 -5.67253 
 320 -5.63979 
 321 -5.61428 
 322 -5.60824 
 323 -5.60802 
 324 -5.58662 
 325 -5.6631 
 326 -5.5752 
 327 -5.59079 
 328 -5.56598 
 329 -5.55728 
 330 -5.54253 
 331 -5.52213 
 332 -5.51707 
 333 -5.59057 
 334 -5.51882 
 335 -5.63606 
 336 -5.61208 
 337 -5.69333 
 338 -5.55711 
 339 -5.50451 
 340 -5.48127 
 341 -5.62812 
 342 -5.59127 
 343 -5.52542 
 344 -5.6341 
 345 -5.54915 
 346 -5.52397 
 347 -5.4812 
 348 -5.44366 
 349 -5.56383 
 350 -5.60312 
 351 -5.5057 
 352 -5.55518 
 353 -5.47138 
 354 -5.47823 
 355 -5.45245 
 356 -5.48455 
 357 -5.47633 
 358 -5.53101 
 359 -5.49058 
 360 -5.38083 
 361 -5.52972 
 362 -5.49353 
 363 -5.44434 
 364 -5.45913 
 365 -5.45755 
 366 -5.56691 
 367 -5.65128 
 368 -5.65455 
 369 -5.67583 
 370 -5.656 
 371 -5.58463 
 372 -5.51724 
 373 -5.51959 
 374 -5.57643 
 375 -5.56739 
 376 -5.54922 
 377 -5.47286 
 378 -5.46705 
 379 -5.44691 
 380 -5.46789 
 381 -5.40274 
 382 -5.3805 
 383 -5.39716 
 384 -5.34304 
 385 -5.3447 
 386 -5.381 
 387 -5.39594 
 388 -5.39837 
 389 -5.34724 
 390 -5.28451 
 391 -5.3181 
 392 -5.39509 
 393 -5.44804 
 394 -5.33867 
 395 -5.32839 
 396 -5.29015 
 397 -5.44046 
 398 -5.38749 
 399 -5.45658 
 400 -5.40484 
 401 -5.45117 
 402 -5.43557 
 403 -5.40343 
 404 -5.4312 
 405 -5.43765 
 406 -5.3847 
 407 -5.29656 
 408 -5.23312 
 409 -5.2536 
 410 -5.325 
 411 -5.25745 
 412 -5.32086 
 413 -5.3914 
 414 -5.43625 
 415 -5.45714 
 416 -5.45758 
 417 -5.4148 
 418 -5.34177 
 419 -5.25099 
 420 -5.25925 
 421 -5.26679 
 422 -5.28062 
 423 -5.32253 
 424 -5.38542 
 425 -5.3021 
 426 -5.35695 
 427 -5.25724 
 428 -5.18214 
 429 -5.28821 
 430 -5.37491 
 431 -5.35303 
 432 -5.44181 
 433 -5.47265 
 434 -5.42603 
 435 -5.43764 
 436 -5.40992 
 437 -5.39797 
 438 -5.41428 
 439 -5.47877 
 440 -5.42044 
 441 -5.2677 
 442 -5.34142 
 443 -5.40132 
 444 -5.34264 
 445 -5.3732 
 446 -5.30996 
 447 -5.44496 
 448 -5.39887 
 449 -5.35039 
 450 -5.34618 
 451 -5.35345 
 452 -5.33396 
 453 -5.28054 
 454 -5.325 
 455 -5.37189 
 456 -5.38711 
 457 -5.43837 
 458 -5.49092 
 459 -5.47871 
 460 -5.42832 
 461 -5.47642 
 462 -5.56407 
 463 -5.55829 
 464 -5.57208 
 465 -5.46632 
 466 -5.47944 
 467 -5.4495 
 468 -5.49734 
 469 -5.49235 
 470 -5.45477 
 471 -5.4074 
 472 -5.46004 
 473 -5.39552 
 474 -5.45351 
 475 -5.37761 
 476 -5.40252 
 477 -5.45138 
 478 -5.52705 
 479 -5.57079 
 480 -5.50211 
 481 -5.51977 
 482 -5.53582 
 483 -5.52311 
 484 -5.32825 
 485 -5.40756 
 486 -5.52923 
 487 -5.58919 
 488 -5.57964 
 489 -5.46252 
 490 -5.46021 
 491 -5.43917 
 492 -5.49284 
 493 -5.45924 
 494 -5.51648 
 495 -5.5596 
 496 -5.49893 
 497 -5.48052 
 498 -5.47933 
 499 -5.40747 
 500 -5.4939 
 501 -5.36083 
 502 -5.41344 
 503 -5.36195 
 504 -5.38297 
 505 -5.44206 
 506 -5.38989 
 507 -5.35863 
 508 -5.45094 
 509 -5.28035 
 510 -5.36495 
 511 -5.43848 
 512 -5.40262 
 513 -5.42483 
 514 -5.46254 
 515 -5.53379 
 516 -5.52086 
 517 -5.5496 
 518 -5.46711 
 519 -5.57308 
 520 -5.54436 
 521 -5.55565 
 522 -5.51962 
 523 -5.47773 
 524 -5.47775 
 525 -5.43018 
 526 -5.47438 
 527 -5.40668 
 528 -5.50586 
 529 -5.43825 
 530 -5.3702 
 531 -5.39772 
 532 -5.37774 
 533 -5.39762 
 534 -5.5103 
 535 -5.44845 
 536 -5.371 
 537 -5.33787 
 538 -5.38205 
 539 -5.35347 
 540 -5.33497 
 541 -5.34703 
 542 -5.26935 
 543 -5.31717 
 544 -5.34886 
 545 -5.43195 
 546 -5.53634 
 547 -5.53741 
 548 -5.55185 
 549 -5.56917 
 550 -5.55776 
 551 -5.55806 
 552 -5.56372 
 553 -5.41706 
 554 -5.50042 
 555 -5.47734 
 556 -5.50473 
 557 -5.41823 
 558 -5.45956 
 559 -5.48197 
 560 -5.48842 
 561 -5.54949 
 562 -5.51798 
 563 -5.49175 
 564 -5.54058 
 565 -5.52729 
 566 -5.49963 
 567 -5.50244 
 568 -5.44083 
 569 -5.39407 
 570 -5.37585 
 571 -5.4451 
 572 -5.39114 
 573 -5.30786 
 574 -5.41279 
 575 -5.41649 
 576 -5.46225 
 577 -5.49175 
 578 -5.51332 
 579 -5.44304 
 580 -5.38981 
 581 -5.4931 
 582 -5.50067 
 583 -5.53487 
 584 -5.53789 
 585 -5.37897 
 586 -5.4078 
 587 -5.38625 
 588 -5.47575 
 589 -5.43774 
 590 -5.46358 
 591 -5.36773 
 592 -5.42459 
 593 -5.46465 
 594 -5.45157 
 595 -5.43132 
 596 -5.44036 
 597 -5.43666 
 598 -5.42741 
 599 -5.41945 
 600 -5.43467 
 601 -5.34359 
 602 -5.35104 
 603 -5.42406 
 604 -5.4284 
 605 -5.42741 
 606 -5.43567 
 607 -5.36654 
 608 -5.34929 
 609 -5.36033 
 610 -5.29302 
 611 -5.30368 
 612 -5.28041 
 613 -5.30202 
 614 -5.17559 
 615 -5.20676 
 616 -5.25638 
 617 -5.27104 
 618 -5.30662 
 619 -5.19389 
 620 -5.26105 
 621 -5.39706 
 622 -5.4369 
 623 -5.39187 
 624 -5.3567 
 625 -5.40253 
 626 -5.45083 
 627 -5.40641 
 628 -5.37885 
 629 -5.38939 
 630 -5.47781 
 631 -5.43499 
 632 -5.44439 
 633 -5.51648 
 634 -5.41198 
 635 -5.32501 
 636 -5.34544 
 637 -5.33389 
 638 -5.35169 
 639 -5.34901 
 640 -5.33634 
 641 -5.4522 
 642 -5.3284 
 643 -5.31504 
 644 -5.33639 
 645 -5.35398 
 646 -5.23407 
 647 -5.31732 
 648 -5.39517 
 649 -5.37519 
 650 -5.38979 
 651 -5.33568 
 652 -5.35424 
 653 -5.3411 
 654 -5.34106 
 655 -5.32661 
 656 -5.3943 
 657 -5.38913 
 658 -5.32989 
 659 -5.39269 
 660 -5.31684 
 661 -5.41599 
 662 -5.48652 
 663 -5.47645 
 664 -5.50109 
 665 -5.45853 
 666 -5.4789 
 667 -5.41989 
 668 -5.30405 
 669 -5.32448 
 670 -5.45843 
 671 -5.47267 
 672 -5.44315 
 673 -5.45204 
 674 -5.43538 
 675 -5.41854 
 676 -5.44608 
 677 -5.35738 
 678 -5.41643 
 679 -5.44519 
 680 -5.46353 
 681 -5.51681 
 682 -5.51566 
 683 -5.48201 
 684 -5.43941 
 685 -5.41302 
 686 -5.41546 
 687 -5.46575 
 688 -5.42949 
 689 -5.50382 
 690 -5.3894 
 691 -5.47609 
 692 -5.48682 
 693 -5.44947 
 694 -5.49734 
 695 -5.57154 
 696 -5.51155 
 697 -5.52238 
 698 -5.55802 
 699 -5.55397 
 700 -5.56637 
 701 -5.5964 
 702 -5.66178 
 703 -5.53792 
 704 -5.48245 
 705 -5.37875 
 706 -5.43072 
 707 -5.48808 
 708 -5.44589 
 709 -5.33558 
 710 -5.39821 
 711 -5.50374 
 712 -5.51885 
 713 -5.4626 
 714 -5.23395 
 715 -5.23142 
 716 -5.31025 
 717 -5.34783 
 718 -5.32346 
 719 -5.35755 
 720 -5.33355 
 721 -5.33062 
 722 -5.19616 
 723 -5.29275 
 724 -5.36923 
 725 -5.36064 
 726 -5.3439 
 727 -5.25321 
 728 -5.2916 
 729 -5.4562 
 730 -5.43875 
 731 -5.39289 
 732 -5.45053 
 733 -5.38147 
 734 -5.31326 
 735 -5.27557 
 736 -5.22847 
 737 -5.29067 
 738 -5.31627 
 739 -5.31046 
 740 -5.2936 
 741 -5.32862 
 742 -5.29584 
 743 -5.24084 
 744 -5.40177 
 745 -5.42126 
 746 -5.50182 
 747 -5.46584 
 748 -5.39474 
 749 -5.47237 
 750 -5.49594 
 751 -5.486 
 752 -5.51688 
 753 -5.50507 
 754 -5.55698 
 755 -5.46716 
 756 -5.46229 
 757 -5.55971 
 758 -5.54435 
 759 -5.5084 
 760 -5.4491 
 761 -5.41664 
 762 -5.47262 
 763 -5.47315 
 764 -5.36832 
 765 -5.50599 
 766 -5.58537 
 767 -5.57969 
 768 -5.58293 
 769 -5.59522 
 770 -5.60052 
 771 -5.58192 
 772 -5.62319 
 773 -5.64905 
 774 -5.6901 
 775 -5.67791 
 776 -5.63917 
 777 -5.52684 
 778 -5.61559 
 779 -5.5997 
 780 -5.53331 
 781 -5.54881 
 782 -5.50345 
 783 -5.48652 
 784 -5.49425 
 785 -5.565 
 786 -5.61392 
 787 -5.54865 
 788 -5.4733 
 789 -5.52968 
 790 -5.50047 
 791 -5.62546 
 792 -5.68249 
 793 -5.676 
 794 -5.63544 
 795 -5.61604 
 796 -5.5763 
 797 -5.62576 
 798 -5.59167 
 799 -5.57156 
 800 -5.46547 
 801 -5.47741 
 802 -5.73042 
 803 -5.66799 
 804 -5.59447 
 805 -5.55646 
 806 -5.57089 
 807 -5.66678 
 808 -5.53599 
 809 -5.43877 
 810 -5.53461 
 811 -5.57973 
 812 -5.44071 
 813 -5.54091 
 814 -5.57697 
 815 -5.4878 
 816 -5.46272 
 817 -5.41962 
 818 -5.46652 
 819 -5.52144 
 820 -5.58976 
 821 -5.61761 
 822 -5.57743 
 823 -5.62814 
 824 -5.64134 
 825 -5.63537 
 826 -5.57625 
 827 -5.56246 
 828 -5.45916 
 829 -5.40027 
 830 -5.46391 
 831 -5.53398 
 832 -5.4638 
 833 -5.46695 
 834 -5.46392 
 835 -5.36053 
 836 -5.46446 
 837 -5.43311 
 838 -5.51067 
 839 -5.59705 
 840 -5.60333 
 841 -5.58286 
 842 -5.59612 
 843 -5.62008 
 844 -5.59405 
 845 -5.56935 
 846 -5.56682 
 847 -5.58952 
 848 -5.57021 
 849 -5.56645 
 850 -5.59589 
 851 -5.59734 
 852 -5.62088 
 853 -5.65335 
 854 -5.50826 
 855 -5.48404 
 856 -5.3513 
 857 -5.38265 
 858 -5.34258 
 859 -5.35914 
 860 -5.43527 
 861 -5.4705 
 862 -5.50431 
 863 -5.51068 
 864 -5.5349 
 865 -5.57556 
 866 -5.56339 
 867 -5.47733 
 868 -5.50321 
 869 -5.59662 
 870 -5.61584 
 871 -5.64441 
 872 -5.54627 
 873 -5.59145 
 874 -5.58403 
 875 -5.54206 
 876 -5.56589 
 877 -5.56012 
 878 -5.51609 
 879 -5.57015 
 880 -5.57161 
 881 -5.52846 
 882 -5.51362 
 883 -5.49915 
 884 -5.46559 
 885 -5.53666 
 886 -5.51088 
 887 -5.63516 
 888 -5.60928 
 889 -5.59255 
 890 -5.52734 
 891 -5.58684 
 892 -5.48216 
 893 -5.47181 
 894 -5.55416 
 895 -5.54759 
 896 -5.58255 
 897 -5.57402 
 898 -5.47838 
 899 -5.66296 
 900 -5.66494 
 901 -5.64177 
 902 -5.55178 
 903 -5.52252 
 904 -5.47508 
 905 -5.45373 
 906 -5.55254 
 907 -5.64697 
 908 -5.67762 
 909 -5.73397 
 910 -5.72291 
 911 -5.66014 
 912 -5.66534 
 913 -5.61824 
 914 -5.56234 
 915 -5.50975 
 916 -5.52072 
 917 -5.56618 
 918 -5.63351 
 919 -5.53651 
 920 -5.59433 
 921 -5.61007 
 922 -5.65236 
 923 -5.51499 
 924 -5.58214 
 925 -5.37277 
 926 -5.35498 
 927 -5.44787 
 928 -5.47902 
 929 -5.42008 
 930 -5.40311 
 931 -5.39922 
 932 -5.42807 
 933 -5.53953 
 934 -5.5776 
 935 -5.45844 
 936 -5.43954 
 937 -5.42675 
 938 -5.36107 
 939 -5.32893 
 940 -5.29707 
 941 -5.33112 
 942 -5.32102 
 943 -5.3773 
 944 -5.36026 
 945 -5.39018 
 946 -5.37455 
 947 -5.31441 
 948 -5.43236 
 949 -5.44468 
 950 -5.43087 
 951 -5.47525 
 952 -5.40683 
 953 -5.37669 
 954 -5.29646 
 955 -5.33795 
 956 -5.36738 
 957 -5.42828 
 958 -5.46592 
 959 -5.51233 
 960 -5.50958 
 961 -5.55238 
 962 -5.5113 
 963 -5.56014 
 964 -5.57376 
 965 -5.5089 
 966 -5.35921 
 967 -5.42516 
 968 -5.36742 
 969 -5.38207 
 970 -5.47524 
 971 -5.39526 
 972 -5.3512 
 973 -5.40268 
 974 -5.39207 
 975 -5.34796 
 976 -5.22347 
 977 -5.25397 
 978 -5.36938 
 979 -5.46775 
 980 -5.46975 
 981 -5.40127 
 982 -5.4311 
 983 -5.34745 
 984 -5.34385 
 985 -5.35891 
 986 -5.37532 
 987 -5.37609 
 988 -5.42375 
 989 -5.40574 
 990 -5.32012 
 991 -5.36898 
 992 -5.46064 
 993 -5.42691 
 994 -5.39339 
 995 -5.4302 
 996 -5.25547 
 997 -5.46529 
 998 -5.4365 
 999 -5.51076 
 1000 -5.40854 
 1001 -5.43107 
 1002 -5.46148 
 1003 -5.5259 
 1004 -5.52189 
 1005 -5.56036 
 1006 -5.52759 
 1007 -5.48076 
 1008 -5.48063 
 1009 -5.54213 
 1010 -5.49198 
 1011 -5.52889 
 1012 -5.60272 
 1013 -5.52293 
 1014 -5.53732 
 1015 -5.46186 
 1016 -5.4157 
 1017 -5.34044 
 1018 -5.38311 
 1019 -5.38724 
 1020 -5.34731 
 1021 -5.42373 
 1022 -5.45019 
 1023 -5.37307 
 1024 -5.36565 
 1025 -5.28451 
 1026 -5.3167 
 1027 -5.35473 
 1028 -5.38057 
 1029 -5.35521 
 1030 -5.33987 
 1031 -5.34664 
 1032 -5.44778 
 1033 -5.53532 
 1034 -5.43872 
 1035 -5.50133 
 1036 -5.51625 
 1037 -5.56585 
 1038 -5.55019 
 1039 -5.54804 
 1040 -5.62064 
 1041 -5.68571 
 1042 -5.58278 
 1043 -5.56336 
 1044 -5.58523 
 1045 -5.60665 
 1046 -5.5825 
 1047 -5.51688 
 1048 -5.55924 
 1049 -5.53156 
 1050 -5.5984 
 1051 -5.59387 
 1052 -5.57938 
 1053 -5.60306 
 1054 -5.58862 
 1055 -5.59007 
 1056 -5.62493 
 1057 -5.51888 
 1058 -5.54506 
 1059 -5.50477 
 1060 -5.48999 
 1061 -5.37154 
 1062 -5.42728 
 1063 -5.46298 
 1064 -5.42937 
 1065 -5.4323 
 1066 -5.38612 
 1067 -5.48222 
 1068 -5.51401 
 1069 -5.49182 
 1070 -5.51395 
 1071 -5.49477 
 1072 -5.47789 
 1073 -5.42088 
 1074 -5.50828 
 1075 -5.53468 
 1076 -5.52305 
 1077 -5.55065 
 1078 -5.46509 
 1079 -5.44987 
 1080 -5.43665 
 1081 -5.48582 
 1082 -5.53243 
 1083 -5.53789 
 1084 -5.50732 
 1085 -5.52622 
 1086 -5.56752 
 1087 -5.56825 
 1088 -5.51771 
 1089 -5.60593 
 1090 -5.60812 
 1091 -5.70698 
 1092 -5.56996 
 1093 -5.55689 
 1094 -5.55861 
 1095 -5.46827 
 1096 -5.49533 
 1097 -5.43185 
 1098 -5.42902 
 1099 -5.47988 
 1100 -5.47892 
 1101 -5.47208 
 1102 -5.50623 
 1103 -5.47652 
 1104 -5.31871 
 1105 -5.28332 
 1106 -5.41649 
 1107 -5.4187 
 1108 -5.43299 
 1109 -5.40353 
 1110 -5.45799 
 1111 -5.47474 
 1112 -5.43552 
 1113 -5.47595 
 1114 -5.52658 
 1115 -5.46631 
 1116 -5.53661 
 1117 -5.53852 
 1118 -5.5466 
 1119 -5.60709 
 1120 -5.59762 
 1121 -5.59494 
 1122 -5.69491 
 1123 -5.61389 
 1124 -5.67703 
 1125 -5.70329 
 1126 -5.67906 
 1127 -5.63184 
 1128 -5.59482 
 1129 -5.54623 
 1130 -5.55334 
 1131 -5.52741 
 1132 -5.54721 
 1133 -5.54464 
 1134 -5.54983 
 1135 -5.55197 
 1136 -5.54048 
 1137 -5.5721 
 1138 -5.47862 
 1139 -5.49166 
 1140 -5.5133 
 1141 -5.43217 
 1142 -5.57364 
 1143 -5.59901 
 1144 -5.44778 
 1145 -5.48647 
 1146 -5.54622 
 1147 -5.57737 
 1148 -5.5289 
 1149 -5.52896 
 1150 -5.60767 
 1151 -5.6286 
 1152 -5.68239 
 1153 -5.61008 
 1154 -5.53545 
 1155 -5.49707 
 1156 -5.40697 
 1157 -5.44 
 1158 -5.47292 
 1159 -5.52846 
 1160 -5.53309 
 1161 -5.49688 
 1162 -5.46136 
 1163 -5.54525 
 1164 -5.58907 
 1165 -5.61284 
 1166 -5.54797 
 1167 -5.50098 
 1168 -5.42682 
 1169 -5.27463 
 1170 -5.36295 
 1171 -5.35995 
 1172 -5.45979 
 1173 -5.51105 
 1174 -5.4873 
 1175 -5.40121 
 1176 -5.48481 
 1177 -5.43833 
 1178 -5.33444 
 1179 -5.38998 
 1180 -5.43422 
 1181 -5.34004 
 1182 -5.39658 
 1183 -5.49857 
 1184 -5.51097 
 1185 -5.458 
 1186 -5.3793 
 1187 -5.42081 
 1188 -5.4078 
 1189 -5.49553 
 1190 -5.40406 
 1191 -5.35007 
 1192 -5.32915 
 1193 -5.358 
 1194 -5.406 
 1195 -5.36153 
 1196 -5.30142 
 1197 -5.35711 
 1198 -5.43335 
 1199 -5.41973 
 1200 -5.46179 
 1201 -5.57013 
 1202 -5.55569 
 1203 -5.52174 
 1204 -5.55658 
 1205 -5.47671 
 1206 -5.445 
 1207 -5.34371 
 1208 -5.29298 
 1209 -5.36402 
 1210 -5.43114 
 1211 -5.44498 
 1212 -5.37885 
 1213 -5.37363 
 1214 -5.35398 
 1215 -5.3255 
 1216 -5.35758 
 1217 -5.34975 
 1218 -5.36013 
 1219 -5.3731 
 1220 -5.36216 
 1221 -5.42526 
 1222 -5.41747 
 1223 -5.35067 
 1224 -5.32583 
 1225 -5.37061 
 1226 -5.29225 
 1227 -5.34001 
 1228 -5.39464 
 1229 -5.41829 
 1230 -5.47003 
 1231 -5.47155 
 1232 -5.4131 
 1233 -5.32321 
 1234 -5.33629 
 1235 -5.32768 
 1236 -5.32331 
 1237 -5.35458 
 1238 -5.36321 
 1239 -5.36742 
 1240 -5.30126 
 1241 -5.4048 
 1242 -5.4557 
 1243 -5.40594 
 1244 -5.47202 
 1245 -5.4416 
 1246 -5.41724 
 1247 -5.46712 
 1248 -5.45618 
 1249 -5.49976 
 1250 -5.57587 
 1251 -5.37155 
 1252 -5.46701 
 1253 -5.4765 
 1254 -5.48784 
 1255 -5.5509 
 1256 -5.51712 
 1257 -5.51012 
 1258 -5.42816 
 1259 -5.40397 
 1260 -5.49106 
 1261 -5.52535 
 1262 -5.49897 
 1263 -5.47418 
 1264 -5.42963 
 1265 -5.46981 
 1266 -5.48351 
 1267 -5.59387 
 1268 -5.55787 
 1269 -5.65101 
 1270 -5.49826 
 1271 -5.55789 
 1272 -5.48319 
 1273 -5.57262 
 1274 -5.49582 
 1275 -5.53146 
 1276 -5.52195 
 1277 -5.57488 
 1278 -5.53828 
 1279 -5.5274 
 1280 -5.52035 
 1281 -5.58086 
 1282 -5.50608 
 1283 -5.52155 
 1284 -5.50968 
 1285 -5.49695 
 1286 -5.47996 
 1287 -5.47543 
 1288 -5.49783 
 1289 -5.5052 
 1290 -5.53619 
 1291 -5.56771 
 1292 -5.40783 
 1293 -5.51317 
 1294 -5.48824 
 1295 -5.3385 
 1296 -5.27075 
 1297 -5.32695 
 1298 -5.43784 
 1299 -5.39678 
 1300 -5.42339 
 1301 -5.4538 
 1302 -5.42243 
 1303 -5.45862 
 1304 -5.51319 
 1305 -5.53954 
 1306 -5.59265 
 1307 -5.48579 
 1308 -5.56287 
 1309 -5.585 
 1310 -5.58649 
 1311 -5.52159 
 1312 -5.50744 
 1313 -5.49403 
 1314 -5.49462 
 1315 -5.45652 
 1316 -5.57471 
 1317 -5.51495 
 1318 -5.52653 
 1319 -5.49077 
 1320 -5.49934 
 1321 -5.49245 
 1322 -5.52395 
 1323 -5.41573 
 1324 -5.41301 
 1325 -5.38021 
 1326 -5.46827 
 1327 -5.46814 
 1328 -5.49888 
 1329 -5.47385 
 1330 -5.53085 
 1331 -5.53263 
 1332 -5.4993 
 1333 -5.50845 
 1334 -5.4769 
 1335 -5.48463 
 1336 -5.5178 
 1337 -5.50788 
 1338 -5.49023 
 1339 -5.55717 
 1340 -5.61714 
 1341 -5.67335 
 1342 -5.64656 
 1343 -5.67459 
 1344 -5.56839 
 1345 -5.572 
 1346 -5.55371 
 1347 -5.53772 
 1348 -5.49676 
 1349 -5.49092 
 1350 -5.47436 
 1351 -5.49624 
 1352 -5.51223 
 1353 -5.51952 
 1354 -5.54501 
 1355 -5.47889 
 1356 -5.4455 
 1357 -5.47906 
 1358 -5.53993 
 1359 -5.5312 
 1360 -5.58083 
 1361 -5.48253 
 1362 -5.60192 
 1363 -5.53861 
 1364 -5.54666 
 1365 -5.4325 
 1366 -5.39905 
 1367 -5.3745 
 1368 -5.48609 
 1369 -5.46588 
 1370 -5.5169 
 1371 -5.44414 
 1372 -5.43748 
 1373 -5.38717 
 1374 -5.36672 
 1375 -5.42164 
 1376 -5.47324 
 1377 -5.37114 
 1378 -5.28566 
 1379 -5.36214 
 1380 -5.41701 
 1381 -5.45074 
 1382 -5.42865 
 1383 -5.49128 
 1384 -5.55397 
 1385 -5.5548 
 1386 -5.54554 
 1387 -5.4819 
 1388 -5.46501 
 1389 -5.43648 
 1390 -5.43324 
 1391 -5.43224 
 1392 -5.45809 
 1393 -5.50446 
 1394 -5.468 
 1395 -5.47629 
 1396 -5.4645 
 1397 -5.40944 
 1398 -5.3893 
 1399 -5.42911 
 1400 -5.48976 
 1401 -5.57893 
 1402 -5.53405 
 1403 -5.41957 
 1404 -5.33707 
 1405 -5.36588 
 1406 -5.35642 
 1407 -5.33059 
 1408 -5.21616 
 1409 -5.21184 
 1410 -5.22374 
 1411 -5.22557 
 1412 -5.30011 
 1413 -5.2267 
 1414 -5.31748 
 1415 -5.43952 
 1416 -5.4776 
 1417 -5.50063 
 1418 -5.6009 
 1419 -5.64001 
 1420 -5.60228 
 1421 -5.56923 
 1422 -5.50771 
 1423 -5.57461 
 1424 -5.52732 
 1425 -5.58254 
 1426 -5.48143 
 1427 -5.50894 
 1428 -5.49427 
 1429 -5.51167 
 1430 -5.5173 
 1431 -5.56878 
 1432 -5.58089 
 1433 -5.60669 
 1434 -5.56869 
 1435 -5.47799 
 1436 -5.48742 
 1437 -5.48859 
 1438 -5.52881 
 1439 -5.49502 
 1440 -5.48553 
 1441 -5.38824 
 1442 -5.39334 
 1443 -5.35852 
 1444 -5.45747 
 1445 -5.42094 
 1446 -5.42524 
 1447 -5.35749 
 1448 -5.31046 
 1449 -5.39804 
 1450 -5.48378 
 1451 -5.49381 
 1452 -5.47924 
 1453 -5.54661 
 1454 -5.46727 
 1455 -5.45652 
 1456 -5.41861 
 1457 -5.48158 
 1458 -5.52096 
 1459 -5.46515 
 1460 -5.41365 
 1461 -5.51429 
 1462 -5.5028 
 1463 -5.51332 
 1464 -5.53701 
 1465 -5.44085 
 1466 -5.51885 
 1467 -5.53486 
 1468 -5.45184 
 1469 -5.48132 
 1470 -5.35152 
 1471 -5.40063 
 1472 -5.29036 
 1473 -5.2355 
 1474 -5.09594 
 1475 -5.06857 
 1476 -5.22397 
 1477 -5.25264 
 1478 -5.22836 
 1479 -5.20492 
 1480 -5.21627 
 1481 -5.26794 
 1482 -5.36926 
 1483 -5.31524 
 1484 -5.31879 
 1485 -5.40669 
 1486 -5.42413 
 1487 -5.43635 
 1488 -5.39542 
 1489 -5.31154 
 1490 -5.35621 
 1491 -5.36903 
 1492 -5.3534 
 1493 -5.38808 
 1494 -5.40966 
 1495 -5.39161 
 1496 -5.42791 
 1497 -5.49361 
 1498 -5.42522 
 1499 -5.45804 
 1500 -5.42208 
 1501 -5.5335 
 1502 -5.54249 
 1503 -5.40429 
 1504 -5.41443 
 1505 -5.41903 
 1506 -5.44711 
 1507 -5.49096 
 1508 -5.4117 
 1509 -5.3803 
 1510 -5.38294 
 1511 -5.36921 
 1512 -5.42007 
 1513 -5.33815 
 1514 -5.46499 
 1515 -5.41838 
 1516 -5.39584 
 1517 -5.38033 
 1518 -5.37801 
 1519 -5.45538 
 1520 -5.5155 
 1521 -5.48557 
 1522 -5.39218 
 1523 -5.48071 
 1524 -5.46062 
 1525 -5.48877 
 1526 -5.58827 
 1527 -5.58441 
 1528 -5.49345 
 1529 -5.47858 
 1530 -5.40409 
 1531 -5.42811 
 1532 -5.39281 
 1533 -5.4838 
 1534 -5.54157 
 1535 -5.52077 
 1536 -5.50656 
 1537 -5.49737 
 1538 -5.47238 
 1539 -5.43567 
 1540 -5.36529 
 1541 -5.43055 
 1542 -5.45797 
 1543 -5.44061 
 1544 -5.46343 
 1545 -5.48407 
 1546 -5.39652 
 1547 -5.45285 
 1548 -5.42591 
 1549 -5.49871 
 1550 -5.47916 
 1551 -5.40758 
 1552 -5.31106 
 1553 -5.33011 
 1554 -5.46049 
 1555 -5.37409 
 1556 -5.39074 
 1557 -5.3338 
 1558 -5.43042 
 1559 -5.50317 
 1560 -5.46998 
 1561 -5.42225 
 1562 -5.45292 
 1563 -5.51127 
 1564 -5.45331 
 1565 -5.40907 
 1566 -5.30995 
 1567 -5.45445 
 1568 -5.49224 
 1569 -5.44134 
 1570 -5.53061 
 1571 -5.42174 
 1572 -5.39667 
 1573 -5.31609 
 1574 -5.21904 
 1575 -5.2087 
 1576 -5.23199 
 1577 -5.29361 
 1578 -5.40172 
 1579 -5.31192 
 1580 -5.39746 
 1581 -5.40386 
 1582 -5.41906 
 1583 -5.32226 
 1584 -5.33453 
 1585 -5.34714 
 1586 -5.28464 
 1587 -5.3764 
 1588 -5.35703 
 1589 -5.47145 
 1590 -5.47092 
 1591 -5.44955 
 1592 -5.42446 
 1593 -5.52634 
 1594 -5.51131 
 1595 -5.50504 
 1596 -5.35724 
 1597 -5.41092 
 1598 -5.46222 
 1599 -5.50373 
 1600 -5.51409 
 1601 -5.50104 
 1602 -5.42947 
 1603 -5.3999 
 1604 -5.37371 
 1605 -5.40289 
 1606 -5.37635 
 1607 -5.44429 
 1608 -5.42937 
 1609 -5.45173 
 1610 -5.51844 
 1611 -5.54952 
 1612 -5.51006 
 1613 -5.51698 
 1614 -5.46289 
 1615 -5.34235 
 1616 -5.34775 
 1617 -5.34614 
 1618 -5.37153 
 1619 -5.42846 
 1620 -5.47739 
 1621 -5.50716 
 1622 -5.48684 
 1623 -5.60801 
 1624 -5.53198 
 1625 -5.55631 
 1626 -5.40875 
 1627 -5.37058 
 1628 -5.40695 
 1629 -5.46236 
 1630 -5.38801 
 1631 -5.49111 
 1632 -5.43913 
 1633 -5.56046 
 1634 -5.49083 
 1635 -5.46144 
 1636 -5.57115 
 1637 -5.47243 
 1638 -5.53728 
 1639 -5.52256 
 1640 -5.43245 
 1641 -5.46783 
 1642 -5.49094 
 1643 -5.51909 
 1644 -5.42279 
 1645 -5.40221 
 1646 -5.45521 
 1647 -5.51299 
 1648 -5.41493 
 1649 -5.41515 
 1650 -5.43704 
 1651 -5.38406 
 1652 -5.42841 
 1653 -5.45185 
 1654 -5.36001 
 1655 -5.37259 
 1656 -5.32757 
 1657 -5.29412 
 1658 -5.31415 
 1659 -5.30353 
 1660 -5.22302 
 1661 -5.28255 
 1662 -5.35099 
 1663 -5.34619 
 1664 -5.24926 
 1665 -5.34954 
 1666 -5.39279 
 1667 -5.41523 
 1668 -5.46592 
 1669 -5.44032 
 1670 -5.44171 
 1671 -5.42053 
 1672 -5.43111 
 1673 -5.45314 
 1674 -5.49058 
 1675 -5.41869 
 1676 -5.49494 
 1677 -5.57217 
 1678 -5.60104 
 1679 -5.67317 
 1680 -5.60098 
 1681 -5.63306 
 1682 -5.68201 
 1683 -5.73097 
 1684 -5.63748 
 1685 -5.59794 
 1686 -5.61667 
 1687 -5.60969 
 1688 -5.55176 
 1689 -5.52773 
 1690 -5.54429 
 1691 -5.45434 
 1692 -5.57747 
 1693 -5.50042 
 1694 -5.47276 
 1695 -5.49941 
 1696 -5.47521 
 1697 -5.56434 
 1698 -5.52624 
 1699 -5.573 
 1700 -5.57361 
 1701 -5.56119 
 1702 -5.51985 
 1703 -5.48066 
 1704 -5.5296 
 1705 -5.56267 
 1706 -5.45343 
 1707 -5.41899 
 1708 -5.35955 
 1709 -5.43151 
 1710 -5.28034 
 1711 -5.26197 
 1712 -5.34601 
 1713 -5.40959 
 1714 -5.43508 
 1715 -5.3715 
 1716 -5.31405 
 1717 -5.28287 
 1718 -5.39592 
 1719 -5.44371 
 1720 -5.48481 
 1721 -5.51981 
 1722 -5.50981 
 1723 -5.56438 
 1724 -5.55645 
 1725 -5.57503 
 1726 -5.56817 
 1727 -5.48895 
 1728 -5.42707 
 1729 -5.45636 
 1730 -5.44478 
 1731 -5.47192 
 1732 -5.47102 
 1733 -5.47392 
 1734 -5.48447 
 1735 -5.50212 
 1736 -5.46047 
 1737 -5.33205 
 1738 -5.40052 
 1739 -5.44843 
 1740 -5.50285 
 1741 -5.41044 
 1742 -5.49469 
 1743 -5.48929 
 1744 -5.35642 
 1745 -5.35885 
 1746 -5.38897 
 1747 -5.42129 
 1748 -5.55828 
 1749 -5.5492 
 1750 -5.5093 
 1751 -5.45838 
 1752 -5.38217 
 1753 -5.51437 
 1754 -5.54024 
 1755 -5.46859 
 1756 -5.57269 
 1757 -5.53369 
 1758 -5.45496 
 1759 -5.42141 
 1760 -5.42477 
 1761 -5.44383 
 1762 -5.42572 
 1763 -5.44742 
 1764 -5.34716 
 1765 -5.41965 
 1766 -5.47477 
 1767 -5.45826 
 1768 -5.35617 
 1769 -5.47138 
 1770 -5.48913 
 1771 -5.49907 
 1772 -5.47669 
 1773 -5.46721 
 1774 -5.32624 
 1775 -5.35808 
 1776 -5.38112 
 1777 -5.42414 
 1778 -5.40124 
 1779 -5.39508 
 1780 -5.39979 
 1781 -5.37181 
 1782 -5.34885 
 1783 -5.36172 
 1784 -5.2625 
 1785 -5.26894 
 1786 -5.25679 
 1787 -5.29505 
 1788 -5.40659 
 1789 -5.47672 
 1790 -5.44626 
 1791 -5.50656 
 1792 -5.51435 
 1793 -5.42437 
 1794 -5.43055 
 1795 -5.45439 
 1796 -5.45708 
 1797 -5.46985 
 1798 -5.40569 
 1799 -5.491 
 1800 -5.51592 
 1801 -5.54112 
 1802 -5.51081 
 1803 -5.50709 
 1804 -5.40455 
 1805 -5.44937 
 1806 -5.44954 
 1807 -5.30309 
 1808 -5.3674 
 1809 -5.39038 
 1810 -5.39295 
 1811 -5.5285 
 1812 -5.63587 
 1813 -5.59416 
 1814 -5.5767 
 1815 -5.59623 
 1816 -5.44529 
 1817 -5.50509 
 1818 -5.49505 
 1819 -5.48495 
 1820 -5.59435 
 1821 -5.60405 
 1822 -5.56594 
 1823 -5.51866 
 1824 -5.50971 
 1825 -5.59428 
 1826 -5.50005 
 1827 -5.50554 
 1828 -5.53163 
 1829 -5.55701 
 1830 -5.52045 
 1831 -5.45363 
 1832 -5.43 
 1833 -5.42901 
 1834 -5.40954 
 1835 -5.51323 
 1836 -5.557 
 1837 -5.56894 
 1838 -5.53142 
 1839 -5.53714 
 1840 -5.46866 
 1841 -5.37523 
 1842 -5.37573 
 1843 -5.46825 
 1844 -5.54536 
 1845 -5.48853 
 1846 -5.49419 
 1847 -5.54164 
 1848 -5.50741 
 1849 -5.39654 
 1850 -5.38744 
 1851 -5.45757 
 1852 -5.29139 
 1853 -5.36329 
 1854 -5.3849 
 1855 -5.49041 
 1856 -5.42576 
 1857 -5.45297 
 1858 -5.48798 
 1859 -5.50914 
 1860 -5.45994 
 1861 -5.51075 
 1862 -5.51549 
 1863 -5.49914 
 1864 -5.46036 
 1865 -5.52924 
 1866 -5.57847 
 1867 -5.65604 
 1868 -5.58642 
 1869 -5.52009 
 1870 -5.52961 
 1871 -5.65861 
 1872 -5.56872 
 1873 -5.61914 
 1874 -5.58918 
 1875 -5.65076 
 1876 -5.47603 
 1877 -5.47115 
 1878 -5.45651 
 1879 -5.49259 
 1880 -5.50673 
 1881 -5.52309 
 1882 -5.46045 
 1883 -5.4596 
 1884 -5.43554 
 1885 -5.43647 
 1886 -5.47281 
 1887 -5.47455 
 1888 -5.48116 
 1889 -5.43523 
 1890 -5.43921 
 1891 -5.44309 
 1892 -5.42204 
 1893 -5.49843 
 1894 -5.50484 
 1895 -5.41454 
 1896 -5.37986 
 1897 -5.55713 
 1898 -5.50426 
 1899 -5.55301 
 1900 -5.63228 
 1901 -5.64019 
 1902 -5.56441 
 1903 -5.57735 
 1904 -5.67873 
 1905 -5.57681 
 1906 -5.63577 
 1907 -5.56551 
 1908 -5.51219 
 1909 -5.52143 
 1910 -5.51924 
 1911 -5.55341 
 1912 -5.58513 
 1913 -5.57131 
 1914 -5.52605 
 1915 -5.53096 
 1916 -5.51736 
 1917 -5.54859 
 1918 -5.61724 
 1919 -5.67988 
 1920 -5.64942 
 1921 -5.61939 
 1922 -5.64236 
 1923 -5.63111 
 1924 -5.57714 
 1925 -5.49007 
 1926 -5.51868 
 1927 -5.55935 
 1928 -5.46033 
 1929 -5.41391 
 1930 -5.41452 
 1931 -5.30426 
 1932 -5.38416 
 1933 -5.40187 
 1934 -5.42887 
 1935 -5.42657 
 1936 -5.36031 
 1937 -5.47024 
 1938 -5.52735 
 1939 -5.55122 
 1940 -5.55302 
 1941 -5.48916 
 1942 -5.44467 
 1943 -5.4728 
 1944 -5.40901 
 1945 -5.42104 
 1946 -5.43883 
 1947 -5.46392 
 1948 -5.53589 
 1949 -5.50273 
 1950 -5.52506 
 1951 -5.55454 
 1952 -5.47336 
 1953 -5.48805 
 1954 -5.52568 
 1955 -5.49206 
 1956 -5.54994 
 1957 -5.60418 
 1958 -5.47546 
 1959 -5.50777 
 1960 -5.54594 
 1961 -5.45714 
 1962 -5.42866 
 1963 -5.40072 
 1964 -5.39703 
 1965 -5.47575 
 1966 -5.48009 
 1967 -5.502 
 1968 -5.4253 
 1969 -5.39971 
 1970 -5.30813 
 1971 -5.35435 
 1972 -5.50744 
 1973 -5.53021 
 1974 -5.55494 
 1975 -5.60804 
 1976 -5.57819 
 1977 -5.56198 
 1978 -5.60961 
 1979 -5.6161 
 1980 -5.55772 
 1981 -5.6055 
 1982 -5.49508 
 1983 -5.47767 
 1984 -5.47958 
 1985 -5.47815 
 1986 -5.46773 
 1987 -5.43053 
 1988 -5.51321 
 1989 -5.49875 
 1990 -5.48699 
 1991 -5.51366 
 1992 -5.43569 
 1993 -5.47389 
 1994 -5.46935 
 1995 -5.41992 
 1996 -5.44772 
 1997 -5.46646 
 1998 -5.5388 
 1999 -5.51142 
 2000 -5.50206 
 2001 -5.44722 
 2002 -5.46745 
 2003 -5.50069 
 2004 -5.52275 
 2005 -5.4917 
 2006 -5.55308 
 2007 -5.65328 
 2008 -5.64421 
 2009 -5.64302 
 2010 -5.63162 
 2011 -5.6531 
 2012 -5.61402 
 2013 -5.59867 
 2014 -5.65067 
 2015 -5.63416 
 2016 -5.57961 
 2017 -5.63141 
 2018 -5.58311 
 2019 -5.53526 
 2020 -5.67615 
 2021 -5.68716 
 2022 -5.68365 
 2023 -5.62795 
 2024 -5.62507 
 2025 -5.61169 
 2026 -5.56446 
 2027 -5.47542 
 2028 -5.53478 
 2029 -5.50459 
 2030 -5.59983 
 2031 -5.61868 
 2032 -5.55469 
 2033 -5.54205 
 2034 -5.49724 
 2035 -5.54346 
 2036 -5.61101 
 2037 -5.533 
 2038 -5.48374 
 2039 -5.51586 
 2040 -5.51328 
 2041 -5.48707 
 2042 -5.52869 
 2043 -5.46009 
 2044 -5.35492 
 2045 -5.39038 
 2046 -5.40987 
 2047 -5.49384 
 2048 -5.55803 
 2049 -5.54177 
 2050 -5.49589 
 2051 -5.55986 
 2052 -5.56972 
 2053 -5.5128 
 2054 -5.55073 
 2055 -5.56635 
 2056 -5.57663 
 2057 -5.58851 
 2058 -5.56953 
 2059 -5.44208 
 2060 -5.42894 
 2061 -5.48493 
 2062 -5.55264 
 2063 -5.51017 
 2064 -5.54145 
 2065 -5.47468 
 2066 -5.44488 
 2067 -5.60007 
 2068 -5.55653 
 2069 -5.54978 
 2070 -5.48785 
 2071 -5.50499 
 2072 -5.53689 
 2073 -5.48234 
 2074 -5.41874 
 2075 -5.44469 
 2076 -5.49479 
 2077 -5.54088 
 2078 -5.5151 
 2079 -5.51729 
 2080 -5.60338 
 2081 -5.57144 
 2082 -5.52636 
 2083 -5.50704 
 2084 -5.51699 
 2085 -5.49702 
 2086 -5.43862 
 2087 -5.3528 
 2088 -5.34704 
 2089 -5.41331 
 2090 -5.41417 
 2091 -5.37555 
 2092 -5.41599 
 2093 -5.38763 
 2094 -5.46494 
 2095 -5.56729 
 2096 -5.60411 
 2097 -5.57104 
 2098 -5.61106 
 2099 -5.55724 
 2100 -5.59498 
 2101 -5.5951 
 2102 -5.57505 
 2103 -5.43413 
 2104 -5.44231 
 2105 -5.46054 
 2106 -5.45092 
 2107 -5.55568 
 2108 -5.55 
 2109 -5.45496 
 2110 -5.43794 
 2111 -5.46992 
 2112 -5.47837 
 2113 -5.53767 
 2114 -5.6201 
 2115 -5.56269 
 2116 -5.52599 
 2117 -5.49247 
 2118 -5.54039 
 2119 -5.44572 
 2120 -5.42623 
 2121 -5.47202 
 2122 -5.48841 
 2123 -5.50731 
 2124 -5.47501 
 2125 -5.48046 
 2126 -5.50852 
 2127 -5.41054 
 2128 -5.34253 
 2129 -5.42304 
 2130 -5.45955 
 2131 -5.34229 
 2132 -5.36924 
 2133 -5.39435 
 2134 -5.37627 
 2135 -5.43762 
 2136 -5.43316 
 2137 -5.48638 
 2138 -5.44252 
 2139 -5.39962 
 2140 -5.36615 
 2141 -5.46334 
 2142 -5.43596 
 2143 -5.52224 
 2144 -5.40104 
 2145 -5.43059 
 2146 -5.40071 
 2147 -5.42874 
 2148 -5.42642 
 2149 -5.37789 
 2150 -5.39973 
 2151 -5.43393 
 2152 -5.41302 
 2153 -5.41678 
 2154 -5.47236 
 2155 -5.47089 
 2156 -5.58867 
 2157 -5.5818 
 2158 -5.56638 
 2159 -5.48687 
 2160 -5.57237 
 2161 -5.63812 
 2162 -5.66789 
 2163 -5.67639 
 2164 -5.64965 
 2165 -5.57113 
 2166 -5.49714 
 2167 -5.52693 
 2168 -5.50131 
 2169 -5.5633 
 2170 -5.48516 
 2171 -5.42341 
 2172 -5.57963 
 2173 -5.58308 
 2174 -5.56464 
 2175 -5.5548 
 2176 -5.544 
 2177 -5.50494 
 2178 -5.51319 
 2179 -5.46403 
 2180 -5.54432 
 2181 -5.50629 
 2182 -5.43881 
 2183 -5.27822 
 2184 -5.27865 
 2185 -5.19703 
 2186 -5.21338 
 2187 -5.33872 
 2188 -5.38266 
 2189 -5.43333 
 2190 -5.46631 
 2191 -5.38608 
 2192 -5.46459 
 2193 -5.50139 
 2194 -5.48197 
 2195 -5.45706 
 2196 -5.36078 
 2197 -5.27819 
 2198 -5.3235 
 2199 -5.39312 
 2200 -5.47589 
 2201 -5.42295 
 2202 -5.48607 
 2203 -5.40944 
 2204 -5.47247 
 2205 -5.49587 
 2206 -5.42391 
 2207 -5.47354 
 2208 -5.50639 
 2209 -5.54467 
 2210 -5.49332 
 2211 -5.49284 
 2212 -5.48538 
 2213 -5.36522 
 2214 -5.29168 
 2215 -5.38088 
 2216 -5.35787 
 2217 -5.36079 
 2218 -5.38124 
 2219 -5.26401 
 2220 -5.2791 
 2221 -5.30936 
 2222 -5.33584 
 2223 -5.40594 
 2224 -5.39181 
 2225 -5.32812 
 2226 -5.28507 
 2227 -5.31107 
 2228 -5.27297 
 2229 -5.25839 
 2230 -5.32244 
 2231 -5.28384 
 2232 -5.34979 
 2233 -5.39004 
 2234 -5.49876 
 2235 -5.41049 
 2236 -5.37146 
 2237 -5.38157 
 2238 -5.3411 
 2239 -5.32703 
 2240 -5.36897 
 2241 -5.393 
 2242 -5.34394 
 2243 -5.33809 
 2244 -5.31869 
 2245 -5.33595 
 2246 -5.394 
 2247 -5.40354 
 2248 -5.36336 
 2249 -5.27566 
 2250 -5.31163 
 2251 -5.27684 
 2252 -5.29183 
 2253 -5.36758 
 2254 -5.4072 
 2255 -5.32004 
 2256 -5.29338 
 2257 -5.30658 
 2258 -5.37374 
 2259 -5.30765 
 2260 -5.31762 
 2261 -5.40297 
 2262 -5.34772 
 2263 -5.38234 
 2264 -5.38469 
 2265 -5.37842 
 2266 -5.41634 
 2267 -5.38929 
 2268 -5.45058 
 2269 -5.49093 
 2270 -5.43406 
 2271 -5.45163 
 2272 -5.41278 
 2273 -5.38304 
 2274 -5.46232 
 2275 -5.51624 
 2276 -5.52428 
 2277 -5.5569 
 2278 -5.57826 
 2279 -5.59404 
 2280 -5.637 
 2281 -5.58049 
 2282 -5.50033 
 2283 -5.43879 
 2284 -5.56923 
 2285 -5.53138 
 2286 -5.43987 
 2287 -5.55371 
 2288 -5.60709 
 2289 -5.51373 
 2290 -5.58902 
 2291 -5.5482 
 2292 -5.63872 
 2293 -5.51894 
 2294 -5.5722 
 2295 -5.60767 
 2296 -5.62348 
 2297 -5.58117 
 2298 -5.49604 
 2299 -5.50874 
 2300 -5.54315 
 2301 -5.56865 
 2302 -5.60962 
 2303 -5.68897 
 2304 -5.69882 
 2305 -5.6757 
 2306 -5.72161 
 2307 -5.5789 
 2308 -5.58582 
 2309 -5.54623 
 2310 -5.55597 
 2311 -5.56951 
 2312 -5.59999 
 2313 -5.60285 
 2314 -5.50539 
 2315 -5.55762 
 2316 -5.54802 
 2317 -5.66665 
 2318 -5.65294 
 2319 -5.54632 
 2320 -5.64838 
 2321 -5.56031 
 2322 -5.4705 
 2323 -5.44934 
 2324 -5.51196 
 2325 -5.57668 
 2326 -5.54703 
 2327 -5.56359 
 2328 -5.46972 
 2329 -5.45688 
 2330 -5.44512 
 2331 -5.4166 
 2332 -5.54539 
 2333 -5.56977 
 2334 -5.59136 
 2335 -5.62259 
 2336 -5.57457 
 2337 -5.54182 
 2338 -5.54826 
 2339 -5.45293 
 2340 -5.56259 
 2341 -5.54853 
 2342 -5.59642 
 2343 -5.51239 
 2344 -5.57527 
 2345 -5.60238 
 2346 -5.54086 
 2347 -5.5724 
 2348 -5.60158 
 2349 -5.49404 
 2350 -5.50848 
 2351 -5.53373 
 2352 -5.46335 
 2353 -5.52999 
 2354 -5.50641 
 2355 -5.51815 
 2356 -5.51495 
 2357 -5.52921 
 2358 -5.45671 
 2359 -5.45639 
 2360 -5.54951 
 2361 -5.57983 
 2362 -5.574 
 2363 -5.56307 
 2364 -5.49971 
 2365 -5.52044 
 2366 -5.53833 
 2367 -5.541 
 2368 -5.54276 
 2369 -5.49639 
 2370 -5.40721 
 2371 -5.44211 
 2372 -5.44997 
 2373 -5.38261 
 2374 -5.48627 
 2375 -5.50753 
 2376 -5.51867 
 2377 -5.55947 
 2378 -5.49547 
 2379 -5.54162 
 2380 -5.64614 
 2381 -5.55624 
 2382 -5.53729 
 2383 -5.49686 
 2384 -5.5159 
 2385 -5.4909 
 2386 -5.49495 
 2387 -5.5126 
 2388 -5.43615 
 2389 -5.48573 
 2390 -5.45138 
 2391 -5.45535 
 2392 -5.36462 
 2393 -5.32655 
 2394 -5.49108 
 2395 -5.45037 
 2396 -5.45631 
 2397 -5.47649 
 2398 -5.4992 
 2399 -5.36009 
 2400 -5.51311 
 2401 -5.45218 
 2402 -5.38719 
 2403 -5.41821 
 2404 -5.4681 
 2405 -5.45283 
 2406 -5.48009 
 2407 -5.53584 
 2408 -5.55166 
 2409 -5.41541 
 2410 -5.50093 
 2411 -5.48715 
 2412 -5.59756 
 2413 -5.56767 
 2414 -5.61212 
 2415 -5.65724 
 2416 -5.67115 
 2417 -5.63567 
 2418 -5.64612 
 2419 -5.60436 
 2420 -5.62117 
 2421 -5.54281 
 2422 -5.51723 
 2423 -5.50174 
 2424 -5.49553 
 2425 -5.47439 
 2426 -5.49804 
 2427 -5.60139 
 2428 -5.56 
 2429 -5.61154 
 2430 -5.61896 
 2431 -5.49491 
 2432 -5.44031 
 2433 -5.41388 
 2434 -5.39421 
 2435 -5.33419 
 2436 -5.39861 
 2437 -5.47227 
 2438 -5.5086 
 2439 -5.52171 
 2440 -5.60595 
 2441 -5.53037 
 2442 -5.51505 
 2443 -5.62156 
 2444 -5.63615 
 2445 -5.69789 
 2446 -5.64966 
 2447 -5.60146 
 2448 -5.51875 
 2449 -5.48318 
 2450 -5.48913 
 2451 -5.50334 
 2452 -5.51297 
 2453 -5.5262 
 2454 -5.51129 
 2455 -5.44962 
 2456 -5.51816 
 2457 -5.47151 
 2458 -5.41882 
 2459 -5.41037 
 2460 -5.43436 
 2461 -5.55864 
 2462 -5.6299 
 2463 -5.68487 
 2464 -5.59519 
 2465 -5.60576 
 2466 -5.4815 
 2467 -5.45677 
 2468 -5.46401 
 2469 -5.43555 
 2470 -5.45032 
 2471 -5.46467 
 2472 -5.44679 
 2473 -5.47843 
 2474 -5.46428 
 2475 -5.36939 
 2476 -5.38197 
 2477 -5.38838 
 2478 -5.48847 
 2479 -5.4677 
 2480 -5.46237 
 2481 -5.45005 
 2482 -5.5636 
 2483 -5.54601 
 2484 -5.54468 
 2485 -5.4993 
 2486 -5.52716 
 2487 -5.58344 
 2488 -5.44459 
 2489 -5.38655 
 2490 -5.41063 
 2491 -5.36605 
 2492 -5.35475 
 2493 -5.33812 
 2494 -5.45808 
 2495 -5.52423 
 2496 -5.57827 
 2497 -5.61959 
 2498 -5.5164 
 2499 -5.58154 
 2500 -5.6266 
 2501 -5.64976 
 2502 -5.67996 
 2503 -5.64636 
 2504 -5.5302 
 2505 -5.47471 
 2506 -5.40308 
 2507 -5.41396 
 2508 -5.44614 
 2509 -5.59692 
 2510 -5.5846 
 2511 -5.67484 
 2512 -5.66436 
 2513 -5.58236 
 2514 -5.53679 
 2515 -5.59644 
 2516 -5.60976 
 2517 -5.56097 
 2518 -5.51843 
 2519 -5.53272 
 2520 -5.56492 
 2521 -5.54122 
 2522 -5.57583 
 2523 -5.46425 
 2524 -5.32478 
 2525 -5.26659 
 2526 -5.23155 
 2527 -5.32612 
 2528 -5.27647 
 2529 -5.41534 
 2530 -5.46078 
 2531 -5.34951 
 2532 -5.4277 
 2533 -5.48686 
 2534 -5.52002 
 2535 -5.4719 
 2536 -5.39614 
 2537 -5.43032 
 2538 -5.48131 
 2539 -5.47706 
 2540 -5.35812 
 2541 -5.38944 
 2542 -5.38951 
 2543 -5.46178 
 2544 -5.49328 
 2545 -5.49899 
 2546 -5.41241 
 2547 -5.41787 
 2548 -5.35973 
 2549 -5.35269 
 2550 -5.37897 
 2551 -5.35411 
 2552 -5.3914 
 2553 -5.46114 
 2554 -5.45018 
 2555 -5.41685 
 2556 -5.43587 
 2557 -5.41515 
 2558 -5.50965 
 2559 -5.56741 
 2560 -5.58853 
 2561 -5.60533 
 2562 -5.65144 
 2563 -5.6334 
 2564 -5.61094 
 2565 -5.59794 
 2566 -5.57542 
 2567 -5.44686 
 2568 -5.39303 
 2569 -5.49896 
 2570 -5.55493 
 2571 -5.54178 
 2572 -5.55741 
 2573 -5.56602 
 2574 -5.46096 
 2575 -5.41791 
 2576 -5.52282 
 2577 -5.53794 
 2578 -5.47388 
 2579 -5.48806 
 2580 -5.44885 
 2581 -5.48424 
 2582 -5.56484 
 2583 -5.51367 
 2584 -5.51073 
 2585 -5.44446 
 2586 -5.38335 
 2587 -5.34271 
 2588 -5.41704 
 2589 -5.50519 
 2590 -5.65776 
 2591 -5.62299 
 2592 -5.50607 
 2593 -5.62392 
 2594 -5.65493 
 2595 -5.62992 
 2596 -5.58278 
 2597 -5.51031 
 2598 -5.48206 
 2599 -5.50579 
 2600 -5.46718 
 2601 -5.54955 
 2602 -5.50619 
 2603 -5.53944 
 2604 -5.46695 
 2605 -5.50816 
 2606 -5.60445 
 2607 -5.63045 
 2608 -5.64884 
 2609 -5.61311 
 2610 -5.62423 
 2611 -5.5478 
 2612 -5.46441 
 2613 -5.48059 
 2614 -5.49285 
 2615 -5.49487 
 2616 -5.45794 
 2617 -5.30045 
 2618 -5.4262 
 2619 -5.48136 
 2620 -5.43105 
 2621 -5.45666 
 2622 -5.45793 
 2623 -5.50773 
 2624 -5.54044 
 2625 -5.43617 
 2626 -5.38726 
 2627 -5.44503 
 2628 -5.42313 
 2629 -5.44885 
 2630 -5.44178 
 2631 -5.35238 
 2632 -5.36766 
 2633 -5.33287 
 2634 -5.35756 
 2635 -5.33465 
 2636 -5.35409 
 2637 -5.38082 
 2638 -5.4131 
 2639 -5.42375 
 2640 -5.43448 
 2641 -5.39527 
 2642 -5.4071 
 2643 -5.45661 
 2644 -5.39557 
 2645 -5.46547 
 2646 -5.48014 
 2647 -5.39757 
 2648 -5.43511 
 2649 -5.4539 
 2650 -5.39227 
 2651 -5.44813 
 2652 -5.53667 
 2653 -5.52548 
 2654 -5.529 
 2655 -5.46535 
 2656 -5.4376 
 2657 -5.44897 
 2658 -5.52608 
 2659 -5.52464 
 2660 -5.54665 
 2661 -5.61421 
 2662 -5.57902 
 2663 -5.47227 
 2664 -5.56661 
 2665 -5.5896 
 2666 -5.52384 
 2667 -5.51 
 2668 -5.60275 
 2669 -5.65412 
 2670 -5.64092 
 2671 -5.58059 
 2672 -5.50159 
 2673 -5.4472 
 2674 -5.53324 
 2675 -5.47662 
 2676 -5.47622 
 2677 -5.41907 
 2678 -5.48325 
 2679 -5.50271 
 2680 -5.50909 
 2681 -5.41822 
 2682 -5.45893 
 2683 -5.41174 
 2684 -5.32749 
 2685 -5.26594 
 2686 -5.33126 
 2687 -5.37649 
 2688 -5.3602 
 2689 -5.37226 
 2690 -5.35142 
 2691 -5.37742 
 2692 -5.36332 
 2693 -5.45008 
 2694 -5.26613 
 2695 -5.27441 
 2696 -5.33883 
 2697 -5.38434 
 2698 -5.43014 
 2699 -5.39799 
 2700 -5.47475 
 2701 -5.49175 
 2702 -5.5763 
 2703 -5.53415 
 2704 -5.57737 
 2705 -5.56946 
 2706 -5.56701 
 2707 -5.54778 
 2708 -5.51388 
 2709 -5.52289 
 2710 -5.52577 
 2711 -5.4311 
 2712 -5.41948 
 2713 -5.36459 
 2714 -5.35157 
 2715 -5.36584 
 2716 -5.55034 
 2717 -5.47513 
 2718 -5.4962 
 2719 -5.49172 
 2720 -5.48334 
 2721 -5.40201 
 2722 -5.39659 
 2723 -5.38763 
 2724 -5.42995 
 2725 -5.36366 
 2726 -5.27424 
 2727 -5.35481 
 2728 -5.38713 
 2729 -5.39387 
 2730 -5.42757 
 2731 -5.35979 
 2732 -5.43996 
 2733 -5.48647 
 2734 -5.47765 
 2735 -5.4573 
 2736 -5.56221 
 2737 -5.57077 
 2738 -5.61521 
 2739 -5.58076 
 2740 -5.53698 
 2741 -5.59243 
 2742 -5.64758 
 2743 -5.59734 
 2744 -5.54011 
 2745 -5.54333 
 2746 -5.4638 
 2747 -5.45451 
 2748 -5.51495 
 2749 -5.55947 
 2750 -5.52246 
 2751 -5.4747 
 2752 -5.3888 
 2753 -5.44837 
 2754 -5.51427 
 2755 -5.58551 
 2756 -5.56792 
 2757 -5.51839 
 2758 -5.46655 
 2759 -5.48351 
 2760 -5.37593 
 2761 -5.43864 
 2762 -5.45909 
 2763 -5.40424 
 2764 -5.3394 
 2765 -5.31405 
 2766 -5.30525 
 2767 -5.2517 
 2768 -5.33946 
 2769 -5.3212 
 2770 -5.39332 
 2771 -5.47092 
 2772 -5.47296 
 2773 -5.46677 
 2774 -5.45785 
 2775 -5.49622 
 2776 -5.50229 
 2777 -5.52427 
 2778 -5.5623 
 2779 -5.52588 
 2780 -5.48874 
 2781 -5.45562 
 2782 -5.36705 
 2783 -5.36519 
 2784 -5.49747 
 2785 -5.50278 
 2786 -5.60352 
 2787 -5.52414 
 2788 -5.59755 
 2789 -5.56636 
 2790 -5.49376 
 2791 -5.54652 
 2792 -5.55365 
 2793 -5.48439 
 2794 -5.41942 
 2795 -5.44677 
 2796 -5.46055 
 2797 -5.38419 
 2798 -5.37406 
 2799 -5.44027 
 2800 -5.42498 
 2801 -5.46895 
 2802 -5.44943 
 2803 -5.49666 
 2804 -5.48037 
 2805 -5.55029 
 2806 -5.52753 
 2807 -5.48291 
 2808 -5.5566 
 2809 -5.49888 
 2810 -5.49215 
 2811 -5.40488 
 2812 -5.4083 
 2813 -5.4132 
 2814 -5.47842 
 2815 -5.50778 
 2816 -5.51678 
 2817 -5.51418 
 2818 -5.62007 
 2819 -5.66888 
 2820 -5.61129 
 2821 -5.65602 
 2822 -5.6278 
 2823 -5.65686 
 2824 -5.7198 
 2825 -5.72225 
 2826 -5.78513 
 2827 -5.66647 
 2828 -5.71114 
 2829 -5.59097 
 2830 -5.57372 
 2831 -5.65372 
 2832 -5.69302 
 2833 -5.66376 
 2834 -5.6411 
 2835 -5.59537 
 2836 -5.64906 
 2837 -5.57313 
 2838 -5.52789 
 2839 -5.63205 
 2840 -5.63834 
 2841 -5.59212 
 2842 -5.54204 
 2843 -5.59642 
 2844 -5.45201 
 2845 -5.53261 
 2846 -5.56351 
 2847 -5.56 
 2848 -5.45684 
 2849 -5.4589 
 2850 -5.45636 
 2851 -5.4562 
 2852 -5.4687 
 2853 -5.44674 
 2854 -5.43155 
 2855 -5.40605 
 2856 -5.54612 
 2857 -5.51022 
 2858 -5.46479 
 2859 -5.43657 
 2860 -5.49969 
 2861 -5.55427 
 2862 -5.57848 
 2863 -5.56541 
 2864 -5.50703 
 2865 -5.5409 
 2866 -5.4307 
 2867 -5.49216 
 2868 -5.50594 
 2869 -5.52433 
 2870 -5.54121 
 2871 -5.54611 
 2872 -5.59097 
 2873 -5.56751 
 2874 -5.46835 
 2875 -5.45908 
 2876 -5.61378 
 2877 -5.63759 
 2878 -5.69077 
 2879 -5.64576 
 2880 -5.60299 
 2881 -5.53794 
 2882 -5.54262 
 2883 -5.61593 
 2884 -5.58334 
 2885 -5.5137 
 2886 -5.48348 
 2887 -5.50249 
 2888 -5.57431 
 2889 -5.46789 
 2890 -5.47337 
 2891 -5.57444 
 2892 -5.47122 
 2893 -5.45401 
 2894 -5.49093 
 2895 -5.55468 
 2896 -5.53742 
 2897 -5.5739 
 2898 -5.57551 
 2899 -5.45589 
 2900 -5.5303 
 2901 -5.54944 
 2902 -5.63292 
 2903 -5.59401 
 2904 -5.43844 
 2905 -5.57824 
 2906 -5.50007 
 2907 -5.61026 
 2908 -5.63742 
 2909 -5.66648 
 2910 -5.63926 
 2911 -5.65995 
 2912 -5.6552 
 2913 -5.68452 
 2914 -5.67934 
 2915 -5.69106 
 2916 -5.68253 
 2917 -5.65903 
 2918 -5.62577 
 2919 -5.577 
 2920 -5.60963 
 2921 -5.65055 
 2922 -5.5609 
 2923 -5.55414 
 2924 -5.50125 
 2925 -5.56309 
 2926 -5.59395 
 2927 -5.51248 
 2928 -5.47893 
 2929 -5.48964 
 2930 -5.50875 
 2931 -5.39113 
 2932 -5.3087 
 2933 -5.33583 
 2934 -5.46163 
 2935 -5.33977 
 2936 -5.3698 
 2937 -5.37424 
 2938 -5.40753 
 2939 -5.3469 
 2940 -5.35898 
 2941 -5.33525 
 2942 -5.29467 
 2943 -5.35502 
 2944 -5.36551 
 2945 -5.42642 
 2946 -5.36377 
 2947 -5.2908 
 2948 -5.39115 
 2949 -5.44576 
 2950 -5.51229 
 2951 -5.5102 
 2952 -5.44439 
 2953 -5.44899 
 2954 -5.42213 
 2955 -5.43327 
 2956 -5.37609 
 2957 -5.43898 
 2958 -5.43532 
 2959 -5.41835 
 2960 -5.40675 
 2961 -5.50029 
 2962 -5.53658 
 2963 -5.46842 
 2964 -5.5244 
 2965 -5.38975 
 2966 -5.39333 
 2967 -5.42959 
 2968 -5.45189 
 2969 -5.4133 
 2970 -5.38962 
 2971 -5.42831 
 2972 -5.40317 
 2973 -5.32758 
 2974 -5.42772 
 2975 -5.376 
 2976 -5.36496 
 2977 -5.4031 
 2978 -5.382 
 2979 -5.54289 
 2980 -5.65489 
 2981 -5.63719 
 2982 -5.51391 
 2983 -5.53755 
 2984 -5.57101 
 2985 -5.50894 
 2986 -5.47204 
 2987 -5.42509 
 2988 -5.38315 
 2989 -5.32258 
 2990 -5.37316 
 2991 -5.40284 
 2992 -5.35223 
 2993 -5.43859 
 2994 -5.40137 
 2995 -5.38189 
 2996 -5.38786 
 2997 -5.43846 
 2998 -5.42948 
 2999 -5.4058 
 3000 -5.40918 
 3001 -5.41225 
 3002 -5.44736 
 3003 -5.49973 
 3004 -5.54546 
 3005 -5.62832 
 3006 -5.47338 
 3007 -5.50752 
 3008 -5.39958 
 3009 -5.39845 
 3010 -5.35287 
 3011 -5.4177 
 3012 -5.28864 
 3013 -5.36179 
 3014 -5.39215 
 3015 -5.48506 
 3016 -5.50536 
 3017 -5.5217 
 3018 -5.46825 
 3019 -5.3947 
 3020 -5.31663 
 3021 -5.32997 
 3022 -5.23429 
 3023 -5.38594 
 3024 -5.37727 
 3025 -5.37991 
 3026 -5.38521 
 3027 -5.46867 
 3028 -5.45893 
 3029 -5.41374 
 3030 -5.32147 
 3031 -5.22716 
 3032 -5.25856 
 3033 -5.29511 
 3034 -5.34152 
 3035 -5.38663 
 3036 -5.48121 
 3037 -5.41448 
 3038 -5.47944 
 3039 -5.49117 
 3040 -5.45768 
 3041 -5.41476 
 3042 -5.44474 
 3043 -5.44466 
 3044 -5.41322 
 3045 -5.24763 
 3046 -5.27878 
 3047 -5.38678 
 3048 -5.40925 
 3049 -5.34162 
 3050 -5.40788 
 3051 -5.40282 
 3052 -5.47513 
 3053 -5.40544 
 3054 -5.30832 
 3055 -5.42398 
 3056 -5.40247 
 3057 -5.48246 
 3058 -5.41064 
 3059 -5.45375 
 3060 -5.37139 
 3061 -5.51205 
 3062 -5.56358 
 3063 -5.51862 
 3064 -5.54166 
 3065 -5.6284 
 3066 -5.42141 
 3067 -5.46392 
 3068 -5.54662 
 3069 -5.56013 
 3070 -5.53495 
 3071 -5.42274 
 3072 -5.37886 
 3073 -5.50077 
 3074 -5.50935 
 3075 -5.46977 
 3076 -5.51734 
 3077 -5.50786 
 3078 -5.53941 
 3079 -5.52953 
 3080 -5.61456 
 3081 -5.65521 
 3082 -5.58955 
 3083 -5.54257 
 3084 -5.60935 
 3085 -5.60336 
 3086 -5.6068 
 3087 -5.55055 
 3088 -5.48081 
 3089 -5.49746 
 3090 -5.51177 
 3091 -5.4236 
 3092 -5.40388 
 3093 -5.34479 
 3094 -5.45155 
 3095 -5.4857 
 3096 -5.45711 
 3097 -5.37906 
 3098 -5.5323 
 3099 -5.52884 
 3100 -5.57019 
 3101 -5.5739 
 3102 -5.519 
 3103 -5.48007 
 3104 -5.37298 
 3105 -5.39852 
 3106 -5.36225 
 3107 -5.29135 
 3108 -5.3251 
 3109 -5.32211 
 3110 -5.2909 
 3111 -5.39646 
 3112 -5.42338 
 3113 -5.45352 
 3114 -5.49517 
 3115 -5.46539 
 3116 -5.36855 
 3117 -5.37991 
 3118 -5.43638 
 3119 -5.45251 
 3120 -5.45744 
 3121 -5.46065 
 3122 -5.432 
 3123 -5.47986 
 3124 -5.53289 
 3125 -5.52827 
 3126 -5.49348 
 3127 -5.52874 
 3128 -5.47077 
 3129 -5.48087 
 3130 -5.42105 
 3131 -5.41203 
 3132 -5.44236 
 3133 -5.51588 
 3134 -5.44798 
 3135 -5.53779 
 3136 -5.42932 
 3137 -5.42169 
 3138 -5.46409 
 3139 -5.43914 
 3140 -5.39364 
 3141 -5.43973 
 3142 -5.38201 
 3143 -5.34371 
 3144 -5.49556 
 3145 -5.45798 
 3146 -5.49257 
 3147 -5.57696 
 3148 -5.57678 
 3149 -5.47249 
 3150 -5.50215 
 3151 -5.37207 
 3152 -5.47131 
 3153 -5.39173 
 3154 -5.38962 
 3155 -5.40431 
 3156 -5.38092 
 3157 -5.28993 
 3158 -5.3595 
 3159 -5.36057 
 3160 -5.44218 
 3161 -5.41906 
 3162 -5.45522 
 3163 -5.48487 
 3164 -5.49196 
 3165 -5.37837 
 3166 -5.38843 
 3167 -5.46186 
 3168 -5.51302 
 3169 -5.49086 
 3170 -5.56759 
 3171 -5.4989 
 3172 -5.52998 
 3173 -5.44962 
 3174 -5.52647 
 3175 -5.61072 
 3176 -5.56683 
 3177 -5.53418 
 3178 -5.57183 
 3179 -5.57218 
 3180 -5.47238 
 3181 -5.40181 
 3182 -5.44885 
 3183 -5.5407 
 3184 -5.62218 
 3185 -5.45055 
 3186 -5.58334 
 3187 -5.5663 
 3188 -5.529 
 3189 -5.49626 
 3190 -5.53093 
 3191 -5.47458 
 3192 -5.54199 
 3193 -5.53351 
 3194 -5.57483 
 3195 -5.53056 
 3196 -5.51683 
 3197 -5.61264 
 3198 -5.62257 
 3199 -5.43662 
 3200 -5.54669 
 3201 -5.55485 
 3202 -5.47632 
 3203 -5.49258 
 3204 -5.46646 
 3205 -5.47588 
 3206 -5.49687 
 3207 -5.51085 
 3208 -5.51092 
 3209 -5.48196 
 3210 -5.3987 
 3211 -5.46039 
 3212 -5.43677 
 3213 -5.46177 
 3214 -5.42556 
 3215 -5.52225 
 3216 -5.56183 
 3217 -5.50502 
 3218 -5.49488 
 3219 -5.54277 
 3220 -5.62367 
 3221 -5.63057 
 3222 -5.56029 
 3223 -5.56909 
 3224 -5.60669 
 3225 -5.56539 
 3226 -5.52698 
 3227 -5.46232 
 3228 -5.54291 
 3229 -5.50596 
 3230 -5.56626 
 3231 -5.51901 
 3232 -5.50174 
 3233 -5.42999 
 3234 -5.49101 
 3235 -5.49059 
 3236 -5.5175 
 3237 -5.43139 
 3238 -5.5076 
 3239 -5.45137 
 3240 -5.46059 
 3241 -5.43801 
 3242 -5.49457 
 3243 -5.53208 
 3244 -5.54741 
 3245 -5.59645 
 3246 -5.5421 
 3247 -5.54729 
 3248 -5.48262 
 3249 -5.47055 
 3250 -5.52543 
 3251 -5.52228 
 3252 -5.5473 
 3253 -5.45755 
 3254 -5.46994 
 3255 -5.57227 
 3256 -5.60032 
 3257 -5.6045 
 3258 -5.57265 
 3259 -5.50034 
 3260 -5.47831 
 3261 -5.49925 
 3262 -5.54598 
 3263 -5.44462 
 3264 -5.40779 
 3265 -5.47932 
 3266 -5.44013 
 3267 -5.48481 
 3268 -5.5857 
 3269 -5.56897 
 3270 -5.52387 
 3271 -5.55705 
 3272 -5.37758 
 3273 -5.43525 
 3274 -5.41747 
 3275 -5.34658 
 3276 -5.45409 
 3277 -5.34373 
 3278 -5.39413 
 3279 -5.41371 
 3280 -5.51824 
 3281 -5.48601 
 3282 -5.48042 
 3283 -5.47452 
 3284 -5.41286 
 3285 -5.33566 
 3286 -5.44629 
 3287 -5.36606 
 3288 -5.39381 
 3289 -5.44632 
 3290 -5.51243 
 3291 -5.50567 
 3292 -5.48471 
 3293 -5.34523 
 3294 -5.36765 
 3295 -5.37477 
 3296 -5.40349 
 3297 -5.4543 
 3298 -5.48725 
 3299 -5.27004 
 3300 -5.28406 
 3301 -5.30569 
 3302 -5.29838 
 3303 -5.24951 
 3304 -5.34555 
 3305 -5.28565 
 3306 -5.27012 
 3307 -5.27206 
 3308 -5.24499 
 3309 -5.27075 
 3310 -5.36107 
 3311 -5.37037 
 3312 -5.3688 
 3313 -5.38581 
 3314 -5.45819 
 3315 -5.50057 
 3316 -5.53739 
 3317 -5.57233 
 3318 -5.55471 
 3319 -5.47998 
 3320 -5.55084 
 3321 -5.55443 
 3322 -5.54108 
 3323 -5.49367 
 3324 -5.55837 
 3325 -5.52107 
 3326 -5.46306 
 3327 -5.42649 
 3328 -5.50398 
 3329 -5.49663 
 3330 -5.42672 
 3331 -5.36326 
 3332 -5.37947 
 3333 -5.4083 
 3334 -5.40259 
 3335 -5.43458 
 3336 -5.39696 
 3337 -5.47506 
 3338 -5.56621 
 3339 -5.61884 
 3340 -5.50893 
 3341 -5.51382 
 3342 -5.40845 
 3343 -5.45116 
 3344 -5.52205 
 3345 -5.51472 
 3346 -5.44891 
 3347 -5.45488 
 3348 -5.48311 
 3349 -5.49332 
 3350 -5.59441 
 3351 -5.58152 
 3352 -5.54156 
 3353 -5.37704 
 3354 -5.3437 
 3355 -5.39621 
 3356 -5.57044 
 3357 -5.59273 
 3358 -5.60439 
 3359 -5.56895 
 3360 -5.48634 
 3361 -5.49635 
 3362 -5.48887 
 3363 -5.49766 
 3364 -5.44619 
 3365 -5.44953 
 3366 -5.45992 
 3367 -5.41318 
 3368 -5.33735 
 3369 -5.42185 
 3370 -5.38052 
 3371 -5.37329 
 3372 -5.30556 
 3373 -5.27557 
 3374 -5.24798 
 3375 -5.37609 
 3376 -5.34927 
 3377 -5.34484 
 3378 -5.33724 
 3379 -5.27157 
 3380 -5.22488 
 3381 -5.33772 
 3382 -5.39346 
 3383 -5.44801 
 3384 -5.47061 
 3385 -5.49288 
 3386 -5.44472 
 3387 -5.48127 
 3388 -5.52729 
 3389 -5.56259 
 3390 -5.56424 
 3391 -5.61568 
 3392 -5.59032 
 3393 -5.60415 
 3394 -5.58688 
 3395 -5.56799 
 3396 -5.57643 
 3397 -5.54169 
 3398 -5.45614 
 3399 -5.56059 
 3400 -5.5477 
 3401 -5.50486 
 3402 -5.47604 
 3403 -5.45971 
 3404 -5.50465 
 3405 -5.53906 
 3406 -5.59732 
 3407 -5.6628 
 3408 -5.6805 
 3409 -5.54758 
 3410 -5.56176 
 3411 -5.59047 
 3412 -5.53918 
 3413 -5.5336 
 3414 -5.41329 
 3415 -5.43156 
 3416 -5.45577 
 3417 -5.53024 
 3418 -5.48132 
 3419 -5.48049 
 3420 -5.4425 
 3421 -5.46465 
 3422 -5.44859 
 3423 -5.46923 
 3424 -5.42492 
 3425 -5.45671 
 3426 -5.4337 
 3427 -5.39711 
 3428 -5.40581 
 3429 -5.52161 
 3430 -5.51712 
 3431 -5.46757 
 3432 -5.43721 
 3433 -5.38966 
 3434 -5.38175 
 3435 -5.40722 
 3436 -5.36011 
 3437 -5.36705 
 3438 -5.49185 
 3439 -5.45664 
 3440 -5.36745 
 3441 -5.23765 
 3442 -5.25238 
 3443 -5.24862 
 3444 -5.32134 
 3445 -5.30767 
 3446 -5.27104 
 3447 -5.20779 
 3448 -5.25151 
 3449 -5.24937 
 3450 -5.28232 
 3451 -5.35294 
 3452 -5.34275 
 3453 -5.4124 
 3454 -5.40542 
 3455 -5.46923 
 3456 -5.48182 
 3457 -5.44386 
 3458 -5.37701 
 3459 -5.33091 
 3460 -5.44629 
 3461 -5.42668 
 3462 -5.36197 
 3463 -5.44349 
 3464 -5.4323 
 3465 -5.44134 
 3466 -5.47215 
 3467 -5.3308 
 3468 -5.22789 
 3469 -5.31709 
 3470 -5.29223 
 3471 -5.39045 
 3472 -5.44511 
 3473 -5.39054 
 3474 -5.35772 
 3475 -5.42188 
 3476 -5.46297 
 3477 -5.46085 
 3478 -5.49535 
 3479 -5.42268 
 3480 -5.29748 
 3481 -5.30429 
 3482 -5.3465 
 3483 -5.26322 
 3484 -5.22626 
 3485 -5.36462 
 3486 -5.38453 
 3487 -5.44125 
 3488 -5.38919 
 3489 -5.39384 
 3490 -5.38106 
 3491 -5.46863 
 3492 -5.4113 
 3493 -5.44441 
 3494 -5.31864 
 3495 -5.35767 
 3496 -5.31455 
 3497 -5.44879 
 3498 -5.39712 
 3499 -5.4764 
 3500 -5.43539 
 3501 -5.53853 
 3502 -5.37474 
 3503 -5.41565 
 3504 -5.41 
 3505 -5.32678 
 3506 -5.35334 
 3507 -5.39927 
 3508 -5.3364 
 3509 -5.34048 
 3510 -5.37659 
 3511 -5.47133 
 3512 -5.46473 
 3513 -5.40227 
 3514 -5.38852 
 3515 -5.39761 
 3516 -5.39418 
 3517 -5.40641 
 3518 -5.46291 
 3519 -5.45372 
 3520 -5.59608 
 3521 -5.58487 
 3522 -5.46476 
 3523 -5.49722 
 3524 -5.43293 
 3525 -5.39136 
 3526 -5.41068 
 3527 -5.43754 
 3528 -5.47182 
 3529 -5.51332 
 3530 -5.51897 
 3531 -5.4706 
 3532 -5.54528 
 3533 -5.52843 
 3534 -5.45027 
 3535 -5.49832 
 3536 -5.46546 
 3537 -5.45573 
 3538 -5.41071 
 3539 -5.42569 
 3540 -5.42674 
 3541 -5.31075 
 3542 -5.35687 
 3543 -5.37053 
 3544 -5.41405 
 3545 -5.51683 
 3546 -5.42712 
 3547 -5.58581 
 3548 -5.51418 
 3549 -5.50989 
 3550 -5.48529 
 3551 -5.46809 
 3552 -5.54229 
 3553 -5.56153 
 3554 -5.57992 
 3555 -5.57179 
 3556 -5.62486 
 3557 -5.63795 
 3558 -5.52103 
 3559 -5.53781 
 3560 -5.42535 
 3561 -5.39523 
 3562 -5.45539 
 3563 -5.5214 
 3564 -5.4233 
 3565 -5.42317 
 3566 -5.4231 
 3567 -5.44569 
 3568 -5.48318 
 3569 -5.41817 
 3570 -5.32132 
 3571 -5.289 
 3572 -5.38254 
 3573 -5.33464 
 3574 -5.40322 
 3575 -5.35099 
 3576 -5.45419 
 3577 -5.53534 
 3578 -5.56187 
 3579 -5.52543 
 3580 -5.41332 
 3581 -5.4401 
 3582 -5.52077 
 3583 -5.42754 
 3584 -5.51711 
 3585 -5.43996 
 3586 -5.52161 
 3587 -5.51601 
 3588 -5.43072 
 3589 -5.50739 
 3590 -5.51584 
 3591 -5.56532 
 3592 -5.54268 
 3593 -5.5167 
 3594 -5.58353 
 3595 -5.56607 
 3596 -5.49716 
 3597 -5.55118 
 3598 -5.58151 
 3599 -5.5232 
 3600 -5.44272 
 3601 -5.3517 
 3602 -5.41813 
 3603 -5.43785 
 3604 -5.47965 
 3605 -5.5223 
 3606 -5.38347 
 3607 -5.31636 
 3608 -5.42572 
 3609 -5.41463 
 3610 -5.37234 
 3611 -5.39754 
 3612 -5.39808 
 3613 -5.45216 
 3614 -5.50008 
 3615 -5.50974 
 3616 -5.45902 
 3617 -5.34602 
 3618 -5.39134 
 3619 -5.33689 
 3620 -5.46593 
 3621 -5.50441 
 3622 -5.45417 
 3623 -5.40187 
 3624 -5.36664 
 3625 -5.43057 
 3626 -5.49671 
 3627 -5.51188 
 3628 -5.43844 
 3629 -5.37168 
 3630 -5.48011 
 3631 -5.54654 
 3632 -5.44798 
 3633 -5.35368 
 3634 -5.34897 
 3635 -5.46357 
 3636 -5.49679 
 3637 -5.47392 
 3638 -5.50308 
 3639 -5.40924 
 3640 -5.39761 
 3641 -5.50508 
 3642 -5.51895 
 3643 -5.42104 
 3644 -5.55263 
 3645 -5.48559 
 3646 -5.49803 
 3647 -5.53667 
 3648 -5.53819 
 3649 -5.62602 
 3650 -5.62009 
 3651 -5.58616 
 3652 -5.53758 
 3653 -5.59489 
 3654 -5.61477 
 3655 -5.46351 
 3656 -5.40269 
 3657 -5.44265 
 3658 -5.51838 
 3659 -5.50827 
 3660 -5.53392 
 3661 -5.60914 
 3662 -5.6061 
 3663 -5.65546 
 3664 -5.54168 
 3665 -5.52878 
 3666 -5.53683 
 3667 -5.50717 
 3668 -5.51098 
 3669 -5.64586 
 3670 -5.49965 
 3671 -5.53274 
 3672 -5.52291 
 3673 -5.48858 
 3674 -5.48408 
 3675 -5.51658 
 3676 -5.48422 
 3677 -5.4858 
 3678 -5.48206 
 3679 -5.35622 
 3680 -5.45233 
 3681 -5.43948 
 3682 -5.39837 
 3683 -5.50892 
 3684 -5.53479 
 3685 -5.59912 
 3686 -5.64817 
 3687 -5.56661 
 3688 -5.44689 
 3689 -5.44406 
 3690 -5.48899 
 3691 -5.56369 
 3692 -5.48069 
 3693 -5.48542 
 3694 -5.62416 
 3695 -5.61017 
 3696 -5.55258 
 3697 -5.56326 
 3698 -5.5478 
 3699 -5.54045 
 3700 -5.55366 
 3701 -5.47908 
 3702 -5.58256 
 3703 -5.5095 
 3704 -5.52206 
 3705 -5.44153 
 3706 -5.44191 
 3707 -5.46096 
 3708 -5.45487 
 3709 -5.537 
 3710 -5.5939 
 3711 -5.55396 
 3712 -5.55523 
 3713 -5.61463 
 3714 -5.59907 
 3715 -5.62477 
 3716 -5.58982 
 3717 -5.56958 
 3718 -5.54224 
 3719 -5.50152 
 3720 -5.45552 
 3721 -5.42831 
 3722 -5.42683 
 3723 -5.47411 
 3724 -5.45951 
 3725 -5.46376 
 3726 -5.49189 
 3727 -5.50279 
 3728 -5.52324 
 3729 -5.46688 
 3730 -5.44694 
 3731 -5.38981 
 3732 -5.35994 
 3733 -5.39857 
 3734 -5.3498 
 3735 -5.43373 
 3736 -5.38256 
 3737 -5.46557 
 3738 -5.4915 
 3739 -5.46213 
 3740 -5.47016 
 3741 -5.43617 
 3742 -5.39469 
 3743 -5.49116 
 3744 -5.47505 
 3745 -5.49723 
 3746 -5.57762 
 3747 -5.49815 
 3748 -5.38809 
 3749 -5.42924 
 3750 -5.4755 
 3751 -5.48306 
 3752 -5.484 
 3753 -5.5541 
 3754 -5.443 
 3755 -5.42557 
 3756 -5.51941 
 3757 -5.4968 
 3758 -5.57645 
 3759 -5.57725 
 3760 -5.64168 
 3761 -5.62881 
 3762 -5.59875 
 3763 -5.60194 
 3764 -5.52535 
 3765 -5.46213 
 3766 -5.45788 
 3767 -5.53259 
 3768 -5.54604 
 3769 -5.50851 
 3770 -5.42921 
 3771 -5.45216 
 3772 -5.47182 
 3773 -5.44448 
 3774 -5.59429 
 3775 -5.5137 
 3776 -5.48963 
 3777 -5.49503 
 3778 -5.36747 
 3779 -5.34902 
 3780 -5.26423 
 3781 -5.34061 
 3782 -5.45161 
 3783 -5.45138 
 3784 -5.55156 
 3785 -5.48276 
 3786 -5.33085 
 3787 -5.49003 
 3788 -5.51095 
 3789 -5.51544 
 3790 -5.52869 
 3791 -5.54349 
 3792 -5.45739 
 3793 -5.49927 
 3794 -5.46187 
 3795 -5.44983 
 3796 -5.44897 
 3797 -5.38249 
 3798 -5.47385 
 3799 -5.48477 
 3800 -5.47176 
 3801 -5.36685 
 3802 -5.30279 
 3803 -5.35371 
 3804 -5.4243 
 3805 -5.37121 
 3806 -5.30586 
 3807 -5.39267 
 3808 -5.4891 
 3809 -5.49257 
 3810 -5.52859 
 3811 -5.43592 
 3812 -5.37002 
 3813 -5.33998 
 3814 -5.38105 
 3815 -5.27551 
 3816 -5.22777 
 3817 -5.29457 
 3818 -5.34707 
 3819 -5.26129 
 3820 -5.28842 
 3821 -5.26184 
 3822 -5.32723 
 3823 -5.26531 
 3824 -5.34999 
 3825 -5.31081 
 3826 -5.33404 
 3827 -5.3971 
 3828 -5.35402 
 3829 -5.31955 
 3830 -5.38329 
 3831 -5.35902 
 3832 -5.42355 
 3833 -5.35723 
 3834 -5.27131 
 3835 -5.39179 
 3836 -5.26044 
 3837 -5.34673 
 3838 -5.42476 
 3839 -5.51135 
 3840 -5.43331 
 3841 -5.50426 
 3842 -5.48935 
 3843 -5.44842 
 3844 -5.42129 
 3845 -5.31356 
 3846 -5.29064 
 3847 -5.29188 
 3848 -5.42457 
 3849 -5.37306 
 3850 -5.44069 
 3851 -5.46063 
 3852 -5.44593 
 3853 -5.42185 
 3854 -5.50432 
 3855 -5.48494 
 3856 -5.49053 
 3857 -5.49203 
 3858 -5.47606 
 3859 -5.44971 
 3860 -5.49911 
 3861 -5.47766 
 3862 -5.40335 
 3863 -5.23943 
 3864 -5.29855 
 3865 -5.37724 
 3866 -5.43516 
 3867 -5.48782 
 3868 -5.5317 
 3869 -5.53969 
 3870 -5.555 
 3871 -5.43762 
 3872 -5.49874 
 3873 -5.53174 
 3874 -5.58487 
 3875 -5.56211 
 3876 -5.53372 
 3877 -5.42788 
 3878 -5.38526 
 3879 -5.49289 
 3880 -5.4202 
 3881 -5.4422 
 3882 -5.45584 
 3883 -5.42335 
 3884 -5.37808 
 3885 -5.32409 
 3886 -5.47957 
 3887 -5.43303 
 3888 -5.37813 
 3889 -5.48807 
 3890 -5.41639 
 3891 -5.45316 
 3892 -5.44747 
 3893 -5.37109 
 3894 -5.34236 
 3895 -5.38586 
 3896 -5.31686 
 3897 -5.36396 
 3898 -5.40048 
 3899 -5.46334 
 3900 -5.53015 
 3901 -5.39755 
 3902 -5.3366 
 3903 -5.26774 
 3904 -5.3097 
 3905 -5.31406 
 3906 -5.36818 
 3907 -5.39779 
 3908 -5.36674 
 3909 -5.36159 
 3910 -5.33018 
 3911 -5.37975 
 3912 -5.41072 
 3913 -5.27404 
 3914 -5.267 
 3915 -5.35036 
 3916 -5.31649 
 3917 -5.35224 
 3918 -5.36112 
 3919 -5.43243 
 3920 -5.55499 
 3921 -5.53102 
 3922 -5.50131 
 3923 -5.56609 
 3924 -5.52776 
 3925 -5.52998 
 3926 -5.45655 
 3927 -5.37788 
 3928 -5.43507 
 3929 -5.37882 
 3930 -5.32372 
 3931 -5.44797 
 3932 -5.45182 
 3933 -5.54177 
 3934 -5.48071 
 3935 -5.37045 
 3936 -5.2904 
 3937 -5.35157 
 3938 -5.40614 
 3939 -5.39992 
 3940 -5.35943 
 3941 -5.38479 
 3942 -5.47768 
 3943 -5.54191 
 3944 -5.48431 
 3945 -5.5059 
 3946 -5.51129 
 3947 -5.43829 
 3948 -5.34023 
 3949 -5.31932 
 3950 -5.44541 
 3951 -5.31088 
 3952 -5.37606 
 3953 -5.38809 
 3954 -5.30486 
 3955 -5.42988 
 3956 -5.49591 
 3957 -5.41969 
 3958 -5.45562 
 3959 -5.51045 
 3960 -5.53958 
 3961 -5.62807 
 3962 -5.62834 
 3963 -5.6154 
 3964 -5.51873 
 3965 -5.61334 
 3966 -5.66364 
 3967 -5.60457 
 3968 -5.51987 
 3969 -5.59983 
 3970 -5.64368 
 3971 -5.6114 
 3972 -5.57002 
 3973 -5.61895 
 3974 -5.5822 
 3975 -5.51279 
 3976 -5.51784 
 3977 -5.61506 
 3978 -5.5306 
 3979 -5.59431 
 3980 -5.52438 
 3981 -5.64335 
 3982 -5.59448 
 3983 -5.49494 
 3984 -5.5456 
 3985 -5.46008 
 3986 -5.46468 
 3987 -5.33076 
 3988 -5.3062 
 3989 -5.29771 
 3990 -5.33299 
 3991 -5.44249 
 3992 -5.53677 
 3993 -5.43924 
 3994 -5.36621 
 3995 -5.4012 
 3996 -5.31487 
 3997 -5.26509 
 3998 -5.40077 
 3999 -5.24538 
 4000 -5.24751 
 4001 -5.18817 
 4002 -5.22456 
 4003 -5.40893 
 4004 -5.44596 
 4005 -5.40439 
 4006 -5.35969 
 4007 -5.42979 
 4008 -5.3147 
 4009 -5.42692 
 4010 -5.42689 
 4011 -5.3977 
 4012 -5.40303 
 4013 -5.47792 
 4014 -5.38673 
 4015 -5.27905 
 4016 -5.28259 
 4017 -5.37167 
 4018 -5.29618 
 4019 -5.29395 
 4020 -5.3278 
 4021 -5.4212 
 4022 -5.45935 
 4023 -5.47637 
 4024 -5.46524 
 4025 -5.42362 
 4026 -5.39621 
 4027 -5.37831 
 4028 -5.33451 
 4029 -5.29987 
 4030 -5.32019 
 4031 -5.39817 
 4032 -5.38783 
 4033 -5.45262 
 4034 -5.46622 
 4035 -5.43138 
 4036 -5.35204 
 4037 -5.31745 
 4038 -5.33849 
 4039 -5.32684 
 4040 -5.44565 
 4041 -5.47637 
 4042 -5.50967 
 4043 -5.45837 
 4044 -5.44332 
 4045 -5.48254 
 4046 -5.43893 
 4047 -5.38916 
 4048 -5.29057 
 4049 -5.42534 
 4050 -5.4485 
 4051 -5.49521 
 4052 -5.51028 
 4053 -5.56121 
 4054 -5.50301 
 4055 -5.48807 
 4056 -5.47791 
 4057 -5.41005 
 4058 -5.35129 
 4059 -5.34762 
 4060 -5.32329 
 4061 -5.36866 
 4062 -5.28482 
 4063 -5.47447 
 4064 -5.44004 
 4065 -5.34779 
 4066 -5.44193 
 4067 -5.48454 
 4068 -5.47751 
 4069 -5.44695 
 4070 -5.44443 
 4071 -5.56042 
 4072 -5.50001 
 4073 -5.43175 
 4074 -5.41511 
 4075 -5.5012 
 4076 -5.41074 
 4077 -5.41513 
 4078 -5.38685 
 4079 -5.45296 
 4080 -5.43933 
 4081 -5.50013 
 4082 -5.51926 
 4083 -5.45623 
 4084 -5.39586 
 4085 -5.39246 
 4086 -5.40838 
 4087 -5.40754 
 4088 -5.32116 
 4089 -5.32552 
 4090 -5.47824 
 4091 -5.53717 
 4092 -5.60688 
 4093 -5.57562 
 4094 -5.58526 
 4095 -5.53372 
 4096 -5.48801 
 4097 -5.53511 
 4098 -5.42437 
 4099 -5.48097 
 4100 -5.40546 
 4101 -5.44739 
 4102 -5.45505 
 4103 -5.4911 
 4104 -5.54181 
 4105 -5.55289 
 4106 -5.47397 
 4107 -5.44188 
 4108 -5.56612 
 4109 -5.5172 
 4110 -5.61249 
 4111 -5.63625 
 4112 -5.70468 
 4113 -5.57404 
 4114 -5.51292 
 4115 -5.61109 
 4116 -5.598 
 4117 -5.51418 
 4118 -5.52508 
 4119 -5.58111 
 4120 -5.50941 
 4121 -5.5425 
 4122 -5.62313 
 4123 -5.59446 
 4124 -5.56911 
 4125 -5.54025 
 4126 -5.50725 
 4127 -5.51419 
 4128 -5.49004 
 4129 -5.41681 
 4130 -5.49519 
 4131 -5.54721 
 4132 -5.48629 
 4133 -5.5673 
 4134 -5.60532 
 4135 -5.58154 
 4136 -5.59316 
 4137 -5.50705 
 4138 -5.47882 
 4139 -5.48749 
 4140 -5.38384 
 4141 -5.40403 
 4142 -5.39786 
 4143 -5.36515 
 4144 -5.3555 
 4145 -5.3223 
 4146 -5.36171 
 4147 -5.40298 
 4148 -5.36558 
 4149 -5.39397 
 4150 -5.4662 
 4151 -5.40499 
 4152 -5.32762 
 4153 -5.39405 
 4154 -5.45691 
 4155 -5.41178 
 4156 -5.43256 
 4157 -5.47335 
 4158 -5.47756 
 4159 -5.52267 
 4160 -5.49861 
 4161 -5.48464 
 4162 -5.53799 
 4163 -5.48739 
 4164 -5.47946 
 4165 -5.49837 
 4166 -5.63201 
 4167 -5.53799 
 4168 -5.5355 
 4169 -5.54428 
 4170 -5.4291 
 4171 -5.39888 
 4172 -5.51595 
 4173 -5.57155 
 4174 -5.62635 
 4175 -5.51257 
 4176 -5.5592 
 4177 -5.52139 
 4178 -5.54066 
 4179 -5.55342 
 4180 -5.51341 
 4181 -5.53341 
 4182 -5.46277 
 4183 -5.51378 
 4184 -5.47504 
 4185 -5.40176 
 4186 -5.44599 
 4187 -5.41762 
 4188 -5.46858 
 4189 -5.50996 
 4190 -5.63206 
 4191 -5.51862 
 4192 -5.52177 
 4193 -5.44376 
 4194 -5.37446 
 4195 -5.42083 
 4196 -5.4664 
 4197 -5.4445 
 4198 -5.43347 
 4199 -5.54989 
 4200 -5.62245 
 4201 -5.59273 
 4202 -5.49894 
 4203 -5.54883 
 4204 -5.54235 
 4205 -5.48766 
 4206 -5.50591 
 4207 -5.39884 
 4208 -5.46419 
 4209 -5.52966 
 4210 -5.4889 
 4211 -5.51202 
 4212 -5.41319 
 4213 -5.46994 
 4214 -5.42469 
 4215 -5.50725 
 4216 -5.6063 
 4217 -5.64231 
 4218 -5.67489 
 4219 -5.69003 
 4220 -5.72929 
 4221 -5.73136 
 4222 -5.51625 
 4223 -5.49221 
 4224 -5.46768 
 4225 -5.53296 
 4226 -5.58855 
 4227 -5.59685 
 4228 -5.53607 
 4229 -5.52179 
 4230 -5.59229 
 4231 -5.50237 
 4232 -5.37885 
 4233 -5.34935 
 4234 -5.39154 
 4235 -5.44818 
 4236 -5.41916 
 4237 -5.39698 
 4238 -5.51425 
 4239 -5.46832 
 4240 -5.43561 
 4241 -5.54261 
 4242 -5.59225 
 4243 -5.56847 
 4244 -5.5649 
 4245 -5.52767 
 4246 -5.62425 
 4247 -5.70459 
 4248 -5.68832 
 4249 -5.68079 
 4250 -5.59696 
 4251 -5.66401 
 4252 -5.52776 
 4253 -5.50292 
 4254 -5.51129 
 4255 -5.59765 
 4256 -5.57244 
 4257 -5.56822 
 4258 -5.59982 
 4259 -5.6341 
 4260 -5.60858 
 4261 -5.61637 
 4262 -5.73191 
 4263 -5.69558 
 4264 -5.5927 
 4265 -5.46049 
 4266 -5.50607 
 4267 -5.52981 
 4268 -5.38702 
 4269 -5.44362 
 4270 -5.44651 
 4271 -5.4919 
 4272 -5.42933 
 4273 -5.44687 
 4274 -5.49262 
 4275 -5.49427 
 4276 -5.40584 
 4277 -5.38342 
 4278 -5.363 
 4279 -5.37973 
 4280 -5.38357 
 4281 -5.48507 
 4282 -5.49456 
 4283 -5.5072 
 4284 -5.53585 
 4285 -5.57045 
 4286 -5.53013 
 4287 -5.57372 
 4288 -5.50186 
 4289 -5.50788 
 4290 -5.48074 
 4291 -5.50951 
 4292 -5.4808 
 4293 -5.48605 
 4294 -5.48261 
 4295 -5.59759 
 4296 -5.60506 
 4297 -5.57107 
 4298 -5.53567 
 4299 -5.55957 
 4300 -5.59622 
 4301 -5.55512 
 4302 -5.54781 
 4303 -5.51835 
 4304 -5.55024 
 4305 -5.52921 
 4306 -5.4323 
 4307 -5.46398 
 4308 -5.39535 
 4309 -5.4892 
 4310 -5.42697 
 4311 -5.41732 
 4312 -5.36574 
 4313 -5.40794 
 4314 -5.38235 
 4315 -5.40735 
 4316 -5.4811 
 4317 -5.49536 
 4318 -5.52855 
 4319 -5.59025 
 4320 -5.58419 
 4321 -5.54332 
 4322 -5.46273 
 4323 -5.47408 
 4324 -5.42045 
 4325 -5.40331 
 4326 -5.49529 
 4327 -5.43309 
 4328 -5.4016 
 4329 -5.37331 
 4330 -5.37289 
 4331 -5.36679 
 4332 -5.47811 
 4333 -5.43498 
 4334 -5.46711 
 4335 -5.40396 
 4336 -5.39476 
 4337 -5.4083 
 4338 -5.42882 
 4339 -5.44317 
 4340 -5.4087 
 4341 -5.38742 
 4342 -5.37202 
 4343 -5.44498 
 4344 -5.40389 
 4345 -5.44451 
 4346 -5.33951 
 4347 -5.3384 
 4348 -5.35624 
 4349 -5.32282 
 4350 -5.45575 
 4351 -5.47097 
 4352 -5.46071 
 4353 -5.45236 
 4354 -5.45885 
 4355 -5.47446 
 4356 -5.41703 
 4357 -5.48238 
 4358 -5.44049 
 4359 -5.46229 
 4360 -5.40872 
 4361 -5.44388 
 4362 -5.3629 
 4363 -5.40125 
 4364 -5.44339 
 4365 -5.37243 
 4366 -5.47496 
 4367 -5.48518 
 4368 -5.56747 
 4369 -5.63273 
 4370 -5.62003 
 4371 -5.50937 
 4372 -5.38368 
 4373 -5.40309 
 4374 -5.39782 
 4375 -5.3941 
 4376 -5.34465 
 4377 -5.43799 
 4378 -5.50709 
 4379 -5.44092 
 4380 -5.36763 
 4381 -5.36767 
 4382 -5.318 
 4383 -5.32927 
 4384 -5.40385 
 4385 -5.42901 
 4386 -5.40629 
 4387 -5.37481 
 4388 -5.39773 
 4389 -5.41601 
 4390 -5.4339 
 4391 -5.39263 
 4392 -5.32082 
 4393 -5.32183 
 4394 -5.25179 
 4395 -5.28534 
 4396 -5.21339 
 4397 -5.15691 
 4398 -5.19332 
 4399 -5.26174 
 4400 -5.33173 
 4401 -5.38652 
 4402 -5.46471 
 4403 -5.42446 
 4404 -5.4351 
 4405 -5.45204 
 4406 -5.51808 
 4407 -5.56553 
 4408 -5.49581 
 4409 -5.38074 
 4410 -5.41862 
 4411 -5.40881 
 4412 -5.42204 
 4413 -5.53456 
 4414 -5.52918 
 4415 -5.59709 
 4416 -5.55952 
 4417 -5.58833 
 4418 -5.59325 
 4419 -5.49897 
 4420 -5.43226 
 4421 -5.47951 
 4422 -5.57618 
 4423 -5.50069 
 4424 -5.46562 
 4425 -5.52116 
 4426 -5.59718 
 4427 -5.58665 
 4428 -5.59148 
 4429 -5.59449 
 4430 -5.51295 
 4431 -5.40094 
 4432 -5.32835 
 4433 -5.24678 
 4434 -5.26816 
 4435 -5.3186 
 4436 -5.28198 
 4437 -5.3593 
 4438 -5.3805 
 4439 -5.47956 
 4440 -5.5363 
 4441 -5.49936 
 4442 -5.53106 
 4443 -5.60787 
 4444 -5.67342 
 4445 -5.59814 
 4446 -5.52864 
 4447 -5.62683 
 4448 -5.65858 
 4449 -5.64681 
 4450 -5.59172 
 4451 -5.59906 
 4452 -5.59955 
 4453 -5.59948 
 4454 -5.51665 
 4455 -5.53632 
 4456 -5.53325 
 4457 -5.55475 
 4458 -5.57842 
 4459 -5.55076 
 4460 -5.48756 
 4461 -5.42183 
 4462 -5.39648 
 4463 -5.4635 
 4464 -5.54959 
 4465 -5.48332 
 4466 -5.46971 
 4467 -5.54033 
 4468 -5.49455 
 4469 -5.55234 
 4470 -5.60167 
 4471 -5.54055 
 4472 -5.45542 
 4473 -5.46322 
 4474 -5.52663 
 4475 -5.49867 
 4476 -5.58953 
 4477 -5.51867 
 4478 -5.50373 
 4479 -5.50718 
 4480 -5.43417 
 4481 -5.44169 
 4482 -5.50997 
 4483 -5.40892 
 4484 -5.45542 
 4485 -5.4894 
 4486 -5.52122 
 4487 -5.46416 
 4488 -5.52216 
 4489 -5.57452 
 4490 -5.59244 
 4491 -5.58399 
 4492 -5.56568 
 4493 -5.48353 
 4494 -5.47342 
 4495 -5.39918 
 4496 -5.47419 
 4497 -5.45546 
 4498 -5.47725 
 4499 -5.57421 
 4500 -5.51816 
 4501 -5.46861 
 4502 -5.32329 
 4503 -5.45059 
 4504 -5.45142 
 4505 -5.51625 
 4506 -5.47776 
 4507 -5.42561 
 4508 -5.43607 
 4509 -5.48501 
 4510 -5.54922 
 4511 -5.54683 
 4512 -5.54265 
 4513 -5.48128 
 4514 -5.43217 
 4515 -5.41707 
 4516 -5.35682 
 4517 -5.23923 
 4518 -5.39992 
 4519 -5.32767 
 4520 -5.40355 
 4521 -5.35428 
 4522 -5.33503 
 4523 -5.31483 
 4524 -5.33753 
 4525 -5.33079 
 4526 -5.31896 
 4527 -5.3538 
 4528 -5.4241 
 4529 -5.468 
 4530 -5.48134 
 4531 -5.48515 
 4532 -5.53807 
 4533 -5.53618 
 4534 -5.63221 
 4535 -5.57123 
 4536 -5.47587 
 4537 -5.4998 
 4538 -5.50406 
 4539 -5.48071 
 4540 -5.40264 
 4541 -5.46089 
 4542 -5.52637 
 4543 -5.53368 
 4544 -5.44518 
 4545 -5.513 
 4546 -5.52018 
 4547 -5.54363 
 4548 -5.61138 
 4549 -5.61352 
 4550 -5.57268 
 4551 -5.51179 
 4552 -5.52942 
 4553 -5.55646 
 4554 -5.56448 
 4555 -5.59326 
 4556 -5.63143 
 4557 -5.5699 
 4558 -5.52852 
 4559 -5.58604 
 4560 -5.53975 
 4561 -5.49983 
 4562 -5.38076 
 4563 -5.3623 
 4564 -5.32054 
 4565 -5.47047 
 4566 -5.46269 
 4567 -5.41267 
 4568 -5.45721 
 4569 -5.46162 
 4570 -5.53848 
 4571 -5.54741 
 4572 -5.56985 
 4573 -5.53358 
 4574 -5.51952 
 4575 -5.56537 
 4576 -5.58112 
 4577 -5.49314 
 4578 -5.56539 
 4579 -5.58878 
 4580 -5.59333 
 4581 -5.56538 
 4582 -5.59165 
 4583 -5.56946 
 4584 -5.61931 
 4585 -5.53868 
 4586 -5.55539 
 4587 -5.56247 
 4588 -5.56105 
 4589 -5.50075 
 4590 -5.46083 
 4591 -5.45571 
 4592 -5.42538 
 4593 -5.30206 
 4594 -5.37728 
 4595 -5.44057 
 4596 -5.39031 
 4597 -5.39911 
 4598 -5.4202 
 4599 -5.46502 
 4600 -5.44331 
 4601 -5.50082 
 4602 -5.47326 
 4603 -5.53085 
 4604 -5.46496 
 4605 -5.50173 
 4606 -5.48604 
 4607 -5.52927 
 4608 -5.4758 
 4609 -5.41071 
 4610 -5.45778 
 4611 -5.38018 
 4612 -5.37862 
 4613 -5.37545 
 4614 -5.34139 
 4615 -5.45273 
 4616 -5.41416 
 4617 -5.39559 
 4618 -5.41759 
 4619 -5.42087 
 4620 -5.41036 
 4621 -5.42599 
 4622 -5.36955 
 4623 -5.43283 
 4624 -5.55356 
 4625 -5.49168 
 4626 -5.42273 
 4627 -5.42674 
 4628 -5.50421 
 4629 -5.4122 
 4630 -5.38092 
 4631 -5.41023 
 4632 -5.41953 
 4633 -5.36044 
 4634 -5.40485 
 4635 -5.3443 
 4636 -5.34625 
 4637 -5.4468 
 4638 -5.45385 
 4639 -5.39432 
 4640 -5.42136 
 4641 -5.50083 
 4642 -5.36753 
 4643 -5.41798 
 4644 -5.36016 
 4645 -5.38406 
 4646 -5.32722 
 4647 -5.26677 
 4648 -5.33866 
 4649 -5.34493 
 4650 -5.23955 
 4651 -5.29275 
 4652 -5.3972 
 4653 -5.33504 
 4654 -5.4272 
 4655 -5.41538 
 4656 -5.37354 
 4657 -5.41149 
 4658 -5.27985 
 4659 -5.33466 
 4660 -5.32857 
 4661 -5.30677 
 4662 -5.38353 
 4663 -5.36255 
 4664 -5.42465 
 4665 -5.37774 
 4666 -5.38433 
 4667 -5.39175 
 4668 -5.42181 
 4669 -5.48442 
 4670 -5.37221 
 4671 -5.44929 
 4672 -5.4687 
 4673 -5.36768 
 4674 -5.37757 
 4675 -5.41104 
 4676 -5.43937 
 4677 -5.35163 
 4678 -5.40611 
 4679 -5.35351 
 4680 -5.37838 
 4681 -5.31461 
 4682 -5.32642 
 4683 -5.4192 
 4684 -5.40261 
 4685 -5.39774 
 4686 -5.33287 
 4687 -5.43722 
 4688 -5.36241 
 4689 -5.38032 
 4690 -5.22859 
 4691 -5.30703 
 4692 -5.25083 
 4693 -5.44935 
 4694 -5.42252 
 4695 -5.60196 
 4696 -5.50868 
 4697 -5.47839 
 4698 -5.51791 
 4699 -5.49387 
 4700 -5.4024 
 4701 -5.42165 
 4702 -5.44782 
 4703 -5.43493 
 4704 -5.43643 
 4705 -5.40573 
 4706 -5.45106 
 4707 -5.50388 
 4708 -5.50971 
 4709 -5.44846 
 4710 -5.34692 
 4711 -5.45457 
 4712 -5.48662 
 4713 -5.54226 
 4714 -5.56448 
 4715 -5.46695 
 4716 -5.54879 
 4717 -5.54963 
 4718 -5.50958 
 4719 -5.50436 
 4720 -5.41707 
 4721 -5.40163 
 4722 -5.4234 
 4723 -5.46337 
 4724 -5.53671 
 4725 -5.57402 
 4726 -5.61695 
 4727 -5.60094 
 4728 -5.61076 
 4729 -5.5472 
 4730 -5.5345 
 4731 -5.51098 
 4732 -5.42206 
 4733 -5.42675 
 4734 -5.40981 
 4735 -5.46032 
 4736 -5.54968 
 4737 -5.43969 
 4738 -5.41941 
 4739 -5.45376 
 4740 -5.41987 
 4741 -5.36403 
 4742 -5.50246 
 4743 -5.48719 
 4744 -5.45901 
 4745 -5.45899 
 4746 -5.43801 
 4747 -5.35057 
 4748 -5.40476 
 4749 -5.44891 
 4750 -5.47383 
 4751 -5.55591 
 4752 -5.48037 
 4753 -5.49685 
 4754 -5.55807 
 4755 -5.4638 
 4756 -5.40831 
 4757 -5.40134 
 4758 -5.38572 
 4759 -5.43301 
 4760 -5.40118 
 4761 -5.34689 
 4762 -5.35342 
 4763 -5.42551 
 4764 -5.43367 
 4765 -5.42573 
 4766 -5.34237 
 4767 -5.29508 
 4768 -5.148 
 4769 -5.29417 
 4770 -5.31479 
 4771 -5.29195 
 4772 -5.40325 
 4773 -5.44165 
 4774 -5.3924 
 4775 -5.48747 
 4776 -5.45507 
 4777 -5.51079 
 4778 -5.40848 
 4779 -5.41076 
 4780 -5.34891 
 4781 -5.45815 
 4782 -5.32899 
 4783 -5.38163 
 4784 -5.42152 
 4785 -5.43411 
 4786 -5.43767 
 4787 -5.3958 
 4788 -5.34388 
 4789 -5.30067 
 4790 -5.33214 
 4791 -5.36444 
 4792 -5.42594 
 4793 -5.41311 
 4794 -5.42723 
 4795 -5.34295 
 4796 -5.30016 
 4797 -5.29875 
 4798 -5.30859 
 4799 -5.29997 
 4800 -5.32087 
 4801 -5.27868 
 4802 -5.29865 
 4803 -5.33352 
 4804 -5.41801 
 4805 -5.37287 
 4806 -5.35279 
 4807 -5.33865 
 4808 -5.34182 
 4809 -5.36261 
 4810 -5.4065 
 4811 -5.3683 
 4812 -5.4363 
 4813 -5.42565 
 4814 -5.52749 
 4815 -5.48892 
 4816 -5.48638 
 4817 -5.42564 
 4818 -5.44406 
 4819 -5.49011 
 4820 -5.54574 
 4821 -5.40996 
 4822 -5.43219 
 4823 -5.41588 
 4824 -5.45859 
 4825 -5.42938 
 4826 -5.42648 
 4827 -5.5046 
 4828 -5.35547 
 4829 -5.3361 
 4830 -5.3394 
 4831 -5.44156 
 4832 -5.45391 
 4833 -5.46596 
 4834 -5.36447 
 4835 -5.27111 
 4836 -5.36673 
 4837 -5.36914 
 4838 -5.47039 
 4839 -5.46276 
 4840 -5.59039 
 4841 -5.62218 
 4842 -5.43977 
 4843 -5.46046 
 4844 -5.53311 
 4845 -5.5521 
 4846 -5.58923 
 4847 -5.5512 
 4848 -5.4923 
 4849 -5.54399 
 4850 -5.49156 
 4851 -5.48572 
 4852 -5.45597 
 4853 -5.46139 
 4854 -5.45836 
 4855 -5.54431 
 4856 -5.44829 
 4857 -5.36969 
 4858 -5.49991 
 4859 -5.51371 
 4860 -5.55959 
 4861 -5.49351 
 4862 -5.4517 
 4863 -5.40162 
 4864 -5.33981 
 4865 -5.35747 
 4866 -5.42574 
 4867 -5.39373 
 4868 -5.35244 
 4869 -5.51334 
 4870 -5.51664 
 4871 -5.62294 
 4872 -5.58976 
 4873 -5.63633 
 4874 -5.57205 
 4875 -5.51236 
 4876 -5.50885 
 4877 -5.47357 
 4878 -5.57687 
 4879 -5.60234 
 4880 -5.50762 
 4881 -5.52761 
 4882 -5.48999 
 4883 -5.37053 
 4884 -5.3654 
 4885 -5.36943 
 4886 -5.34911 
 4887 -5.33058 
 4888 -5.44966 
 4889 -5.30668 
 4890 -5.34456 
 4891 -5.37396 
 4892 -5.40277 
 4893 -5.39886 
 4894 -5.42706 
 4895 -5.46855 
 4896 -5.33103 
 4897 -5.36633 
 4898 -5.33857 
 4899 -5.36882 
 4900 -5.43594 
 4901 -5.43508 
 4902 -5.34021 
 4903 -5.3508 
 4904 -5.38353 
 4905 -5.34748 
 4906 -5.31534 
 4907 -5.40384 
 4908 -5.44272 
 4909 -5.44559 
 4910 -5.43965 
 4911 -5.43112 
 4912 -5.49 
 4913 -5.43047 
 4914 -5.4958 
 4915 -5.46795 
 4916 -5.44225 
 4917 -5.43758 
 4918 -5.53568 
 4919 -5.50622 
 4920 -5.47568 
 4921 -5.45945 
 4922 -5.46394 
 4923 -5.49463 
 4924 -5.51033 
 4925 -5.61324 
 4926 -5.54089 
 4927 -5.55444 
 4928 -5.53712 
 4929 -5.59163 
 4930 -5.53017 
 4931 -5.57223 
 4932 -5.62644 
 4933 -5.58331 
 4934 -5.51098 
 4935 -5.5084 
 4936 -5.53422 
 4937 -5.47741 
 4938 -5.46106 
 4939 -5.48801 
 4940 -5.3878 
 4941 -5.34888 
 4942 -5.44606 
 4943 -5.42634 
 4944 -5.35427 
 4945 -5.36321 
 4946 -5.37094 
 4947 -5.41896 
 4948 -5.45627 
 4949 -5.50268 
 4950 -5.5162 
 4951 -5.37543 
 4952 -5.38718 
 4953 -5.42242 
 4954 -5.40248 
 4955 -5.45933 
 4956 -5.53314 
 4957 -5.49745 
 4958 -5.45307 
 4959 -5.4284 
 4960 -5.36817 
 4961 -5.4936 
 4962 -5.47853 
 4963 -5.48588 
 4964 -5.5408 
 4965 -5.53419 
 4966 -5.58281 
 4967 -5.57937 
 4968 -5.53828 
 4969 -5.5413 
 4970 -5.47746 
 4971 -5.46762 
 4972 -5.42113 
 4973 -5.46688 
 4974 -5.47401 
 4975 -5.44559 
 4976 -5.61518 
 4977 -5.60377 
 4978 -5.64466 
 4979 -5.5744 
 4980 -5.5682 
 4981 -5.69231 
 4982 -5.5864 
 4983 -5.58821 
 4984 -5.46654 
 4985 -5.52083 
 4986 -5.46355 
 4987 -5.62457 
 4988 -5.67096 
 4989 -5.61041 
 4990 -5.60207 
 4991 -5.66722 
 4992 -5.59267 
 4993 -5.52 
 4994 -5.60679 
 4995 -5.57176 
 4996 -5.54124 
 4997 -5.47479 
 4998 -5.5501 
 4999 -5.51399 
 5000 -5.44904 
