 1 -8.47245 
 2 -8.33545 
 3 -8.20188 
 4 -8.14575 
 5 -8.09632 
 6 -7.96157 
 7 -7.91219 
 8 -7.84371 
 9 -7.77105 
 10 -7.74662 
 11 -7.7254 
 12 -7.74317 
 13 -7.69306 
 14 -7.6652 
 15 -7.62031 
 16 -7.64575 
 17 -7.5871 
 18 -7.53553 
 19 -7.59198 
 20 -7.56901 
 21 -7.5326 
 22 -7.50562 
 23 -7.56199 
 24 -7.5497 
 25 -7.54775 
 26 -7.46215 
 27 -7.55148 
 28 -7.51766 
 29 -7.47214 
 30 -7.45012 
 31 -7.51993 
 32 -7.55914 
 33 -7.5543 
 34 -7.5891 
 35 -7.5971 
 36 -7.57864 
 37 -7.4879 
 38 -7.49009 
 39 -7.50317 
 40 -7.36772 
 41 -7.31922 
 42 -7.27855 
 43 -7.3327 
 44 -7.32538 
 45 -7.36177 
 46 -7.41978 
 47 -7.46487 
 48 -7.53971 
 49 -7.53621 
 50 -7.49725 
 51 -7.50843 
 52 -7.56873 
 53 -7.67016 
 54 -7.71528 
 55 -7.70968 
 56 -7.69414 
 57 -7.62294 
 58 -7.67298 
 59 -7.68176 
 60 -7.59925 
 61 -7.60036 
 62 -7.59061 
 63 -7.60167 
 64 -7.62811 
 65 -7.6666 
 66 -7.59849 
 67 -7.55848 
 68 -7.52653 
 69 -7.4685 
 70 -7.38906 
 71 -7.32275 
 72 -7.33692 
 73 -7.52682 
 74 -7.52091 
 75 -7.5225 
 76 -7.50356 
 77 -7.49404 
 78 -7.50961 
 79 -7.49407 
 80 -7.40228 
 81 -7.39843 
 82 -7.43121 
 83 -7.42059 
 84 -7.5233 
 85 -7.43969 
 86 -7.53477 
 87 -7.55875 
 88 -7.65041 
 89 -7.50129 
 90 -7.51493 
 91 -7.53283 
 92 -7.52931 
 93 -7.55197 
 94 -7.51795 
 95 -7.55174 
 96 -7.4713 
 97 -7.51072 
 98 -7.46202 
 99 -7.49229 
 100 -7.53691 
 101 -7.50288 
 102 -7.5348 
 103 -7.53717 
 104 -7.53801 
 105 -7.59562 
 106 -7.69849 
 107 -7.66847 
 108 -7.59792 
 109 -7.5841 
 110 -7.56408 
 111 -7.62061 
 112 -7.61315 
 113 -7.64851 
 114 -7.60374 
 115 -7.57916 
 116 -7.58008 
 117 -7.53898 
 118 -7.53167 
 119 -7.58167 
 120 -7.55513 
 121 -7.50739 
 122 -7.52762 
 123 -7.53782 
 124 -7.53104 
 125 -7.40903 
 126 -7.5041 
 127 -7.5264 
 128 -7.50369 
 129 -7.42818 
 130 -7.4497 
 131 -7.43558 
 132 -7.43826 
 133 -7.45248 
 134 -7.44853 
 135 -7.42128 
 136 -7.44647 
 137 -7.49438 
 138 -7.55446 
 139 -7.49822 
 140 -7.58206 
 141 -7.58689 
 142 -7.60964 
 143 -7.5239 
 144 -7.53604 
 145 -7.51095 
 146 -7.52662 
 147 -7.5665 
 148 -7.50204 
 149 -7.52373 
 150 -7.48697 
 151 -7.42992 
 152 -7.41117 
 153 -7.33971 
 154 -7.4839 
 155 -7.46892 
 156 -7.54864 
 157 -7.51777 
 158 -7.48621 
 159 -7.51438 
 160 -7.5209 
 161 -7.56989 
 162 -7.58296 
 163 -7.57808 
 164 -7.56104 
 165 -7.59651 
 166 -7.59375 
 167 -7.59731 
 168 -7.61176 
 169 -7.57666 
 170 -7.56174 
 171 -7.6224 
 172 -7.61772 
 173 -7.54831 
 174 -7.46054 
 175 -7.52838 
 176 -7.53798 
 177 -7.64466 
 178 -7.57672 
 179 -7.57294 
 180 -7.55857 
 181 -7.57808 
 182 -7.46642 
 183 -7.55421 
 184 -7.60006 
 185 -7.54243 
 186 -7.52657 
 187 -7.54493 
 188 -7.53351 
 189 -7.55886 
 190 -7.63941 
 191 -7.55516 
 192 -7.66903 
 193 -7.57612 
 194 -7.54297 
 195 -7.55247 
 196 -7.56324 
 197 -7.56721 
 198 -7.60627 
 199 -7.63318 
 200 -7.63997 
 201 -7.67878 
 202 -7.69935 
 203 -7.65947 
 204 -7.62388 
 205 -7.59032 
 206 -7.54575 
 207 -7.52749 
 208 -7.58085 
 209 -7.58612 
 210 -7.45506 
 211 -7.43866 
 212 -7.50101 
 213 -7.56808 
 214 -7.60734 
 215 -7.63488 
 216 -7.62596 
 217 -7.58326 
 218 -7.5871 
 219 -7.59295 
 220 -7.51704 
 221 -7.5163 
 222 -7.53529 
 223 -7.58146 
 224 -7.51641 
 225 -7.40443 
 226 -7.46148 
 227 -7.45602 
 228 -7.36961 
 229 -7.33919 
 230 -7.34942 
 231 -7.38675 
 232 -7.38091 
 233 -7.41161 
 234 -7.44394 
 235 -7.40203 
 236 -7.43898 
 237 -7.39635 
 238 -7.44845 
 239 -7.41611 
 240 -7.43897 
 241 -7.42915 
 242 -7.46841 
 243 -7.42598 
 244 -7.44699 
 245 -7.48863 
 246 -7.46456 
 247 -7.43005 
 248 -7.38709 
 249 -7.37475 
 250 -7.2858 
 251 -7.18809 
 252 -7.19512 
 253 -7.28726 
 254 -7.32419 
 255 -7.27663 
 256 -7.29238 
 257 -7.34023 
 258 -7.31956 
 259 -7.39336 
 260 -7.40993 
 261 -7.50607 
 262 -7.49014 
 263 -7.50472 
 264 -7.62517 
 265 -7.54211 
 266 -7.503 
 267 -7.5352 
 268 -7.42082 
 269 -7.47632 
 270 -7.42078 
 271 -7.5188 
 272 -7.53076 
 273 -7.50857 
 274 -7.50891 
 275 -7.45998 
 276 -7.39666 
 277 -7.37858 
 278 -7.35857 
 279 -7.3897 
 280 -7.49147 
 281 -7.50784 
 282 -7.51412 
 283 -7.40592 
 284 -7.45569 
 285 -7.4535 
 286 -7.50322 
 287 -7.56016 
 288 -7.54363 
 289 -7.51506 
 290 -7.48215 
 291 -7.47712 
 292 -7.50729 
 293 -7.50294 
 294 -7.46254 
 295 -7.51611 
 296 -7.48418 
 297 -7.43106 
 298 -7.41668 
 299 -7.44207 
 300 -7.39839 
 301 -7.41097 
 302 -7.40627 
 303 -7.38947 
 304 -7.3925 
 305 -7.38335 
 306 -7.40526 
 307 -7.46003 
 308 -7.47573 
 309 -7.5003 
 310 -7.4884 
 311 -7.47192 
 312 -7.51778 
 313 -7.52091 
 314 -7.47884 
 315 -7.4439 
 316 -7.53592 
 317 -7.54181 
 318 -7.60723 
 319 -7.6484 
 320 -7.56765 
 321 -7.59145 
 322 -7.64935 
 323 -7.72237 
 324 -7.76611 
 325 -7.75526 
 326 -7.66597 
 327 -7.72445 
 328 -7.71209 
 329 -7.69687 
 330 -7.66409 
 331 -7.68832 
 332 -7.74092 
 333 -7.80984 
 334 -7.80668 
 335 -7.81199 
 336 -7.74209 
 337 -7.73454 
 338 -7.66604 
 339 -7.6507 
 340 -7.62461 
 341 -7.57604 
 342 -7.54217 
 343 -7.55026 
 344 -7.56704 
 345 -7.57273 
 346 -7.57933 
 347 -7.66188 
 348 -7.62533 
 349 -7.63108 
 350 -7.66898 
 351 -7.62747 
 352 -7.57138 
 353 -7.61206 
 354 -7.58789 
 355 -7.51205 
 356 -7.58791 
 357 -7.60087 
 358 -7.56604 
 359 -7.52607 
 360 -7.53209 
 361 -7.56189 
 362 -7.55001 
 363 -7.52046 
 364 -7.51636 
 365 -7.47849 
 366 -7.52495 
 367 -7.47168 
 368 -7.54134 
 369 -7.60909 
 370 -7.61857 
 371 -7.59624 
 372 -7.51683 
 373 -7.49833 
 374 -7.52241 
 375 -7.55414 
 376 -7.66205 
 377 -7.65191 
 378 -7.68281 
 379 -7.68723 
 380 -7.68906 
 381 -7.57613 
 382 -7.68437 
 383 -7.72561 
 384 -7.64938 
 385 -7.64253 
 386 -7.57727 
 387 -7.59331 
 388 -7.58375 
 389 -7.61254 
 390 -7.54172 
 391 -7.54741 
 392 -7.62878 
 393 -7.66779 
 394 -7.62763 
 395 -7.60139 
 396 -7.58316 
 397 -7.64098 
 398 -7.62366 
 399 -7.60414 
 400 -7.57048 
 401 -7.62852 
 402 -7.59284 
 403 -7.55126 
 404 -7.54412 
 405 -7.53672 
 406 -7.49701 
 407 -7.44321 
 408 -7.4426 
 409 -7.46906 
 410 -7.49543 
 411 -7.39949 
 412 -7.4852 
 413 -7.53014 
 414 -7.49252 
 415 -7.51147 
 416 -7.53014 
 417 -7.57923 
 418 -7.5703 
 419 -7.61625 
 420 -7.61696 
 421 -7.58237 
 422 -7.57012 
 423 -7.57806 
 424 -7.5571 
 425 -7.59079 
 426 -7.55573 
 427 -7.48601 
 428 -7.41972 
 429 -7.43619 
 430 -7.52731 
 431 -7.50873 
 432 -7.54394 
 433 -7.5507 
 434 -7.45013 
 435 -7.352 
 436 -7.43993 
 437 -7.46665 
 438 -7.50797 
 439 -7.53947 
 440 -7.45584 
 441 -7.44542 
 442 -7.40777 
 443 -7.50194 
 444 -7.54301 
 445 -7.60147 
 446 -7.52122 
 447 -7.60635 
 448 -7.64114 
 449 -7.5516 
 450 -7.47396 
 451 -7.384 
 452 -7.40555 
 453 -7.45284 
 454 -7.5447 
 455 -7.55866 
 456 -7.53084 
 457 -7.53668 
 458 -7.50235 
 459 -7.50048 
 460 -7.5249 
 461 -7.5791 
 462 -7.588 
 463 -7.53192 
 464 -7.52946 
 465 -7.44523 
 466 -7.43013 
 467 -7.47844 
 468 -7.50123 
 469 -7.60724 
 470 -7.56954 
 471 -7.51402 
 472 -7.49098 
 473 -7.53507 
 474 -7.55334 
 475 -7.46854 
 476 -7.45115 
 477 -7.51595 
 478 -7.51697 
 479 -7.51467 
 480 -7.5559 
 481 -7.53017 
 482 -7.54584 
 483 -7.62966 
 484 -7.60223 
 485 -7.66141 
 486 -7.70503 
 487 -7.79997 
 488 -7.78483 
 489 -7.75687 
 490 -7.81681 
 491 -7.73778 
 492 -7.73732 
 493 -7.66296 
 494 -7.60156 
 495 -7.67699 
 496 -7.68447 
 497 -7.67708 
 498 -7.66312 
 499 -7.63361 
 500 -7.62124 
 501 -7.53963 
 502 -7.56491 
 503 -7.5382 
 504 -7.52845 
 505 -7.52855 
 506 -7.52262 
 507 -7.5129 
 508 -7.56022 
 509 -7.55075 
 510 -7.49347 
 511 -7.56532 
 512 -7.57663 
 513 -7.5467 
 514 -7.60037 
 515 -7.62733 
 516 -7.59777 
 517 -7.66033 
 518 -7.62073 
 519 -7.62188 
 520 -7.54948 
 521 -7.53842 
 522 -7.57524 
 523 -7.60169 
 524 -7.55101 
 525 -7.56762 
 526 -7.51503 
 527 -7.50972 
 528 -7.4613 
 529 -7.42141 
 530 -7.45458 
 531 -7.51582 
 532 -7.53034 
 533 -7.49288 
 534 -7.56744 
 535 -7.57387 
 536 -7.4982 
 537 -7.42427 
 538 -7.56176 
 539 -7.50517 
 540 -7.46251 
 541 -7.49969 
 542 -7.48742 
 543 -7.47988 
 544 -7.49693 
 545 -7.51921 
 546 -7.50335 
 547 -7.48776 
 548 -7.56794 
 549 -7.58338 
 550 -7.56342 
 551 -7.57861 
 552 -7.60872 
 553 -7.59404 
 554 -7.611 
 555 -7.57744 
 556 -7.62134 
 557 -7.58347 
 558 -7.623 
 559 -7.6015 
 560 -7.62545 
 561 -7.60511 
 562 -7.6012 
 563 -7.58175 
 564 -7.56005 
 565 -7.58596 
 566 -7.61946 
 567 -7.58935 
 568 -7.52638 
 569 -7.47439 
 570 -7.39631 
 571 -7.56088 
 572 -7.56408 
 573 -7.58426 
 574 -7.56807 
 575 -7.58871 
 576 -7.54621 
 577 -7.59579 
 578 -7.54947 
 579 -7.5692 
 580 -7.54531 
 581 -7.57994 
 582 -7.61156 
 583 -7.66012 
 584 -7.67272 
 585 -7.65856 
 586 -7.64665 
 587 -7.77377 
 588 -7.73247 
 589 -7.75447 
 590 -7.79041 
 591 -7.68921 
 592 -7.69035 
 593 -7.6691 
 594 -7.65836 
 595 -7.60706 
 596 -7.49416 
 597 -7.526 
 598 -7.54883 
 599 -7.51347 
 600 -7.61952 
 601 -7.66726 
 602 -7.63926 
 603 -7.66876 
 604 -7.63644 
 605 -7.5727 
 606 -7.55591 
 607 -7.54435 
 608 -7.52877 
 609 -7.4949 
 610 -7.54067 
 611 -7.60383 
 612 -7.61748 
 613 -7.59357 
 614 -7.49716 
 615 -7.58539 
 616 -7.60255 
 617 -7.57843 
 618 -7.61188 
 619 -7.65079 
 620 -7.6178 
 621 -7.62614 
 622 -7.67408 
 623 -7.65457 
 624 -7.56747 
 625 -7.64315 
 626 -7.59235 
 627 -7.55027 
 628 -7.53476 
 629 -7.54195 
 630 -7.56758 
 631 -7.58187 
 632 -7.5662 
 633 -7.59605 
 634 -7.60487 
 635 -7.55438 
 636 -7.51037 
 637 -7.44631 
 638 -7.4446 
 639 -7.48433 
 640 -7.4666 
 641 -7.45726 
 642 -7.50445 
 643 -7.55826 
 644 -7.44597 
 645 -7.56673 
 646 -7.53757 
 647 -7.64112 
 648 -7.65286 
 649 -7.61359 
 650 -7.57117 
 651 -7.55248 
 652 -7.57658 
 653 -7.55407 
 654 -7.53706 
 655 -7.64984 
 656 -7.64104 
 657 -7.59362 
 658 -7.55817 
 659 -7.55234 
 660 -7.55974 
 661 -7.5179 
 662 -7.52045 
 663 -7.57001 
 664 -7.57952 
 665 -7.61371 
 666 -7.564 
 667 -7.49924 
 668 -7.43201 
 669 -7.46069 
 670 -7.58528 
 671 -7.67328 
 672 -7.67083 
 673 -7.58585 
 674 -7.60227 
 675 -7.63288 
 676 -7.61281 
 677 -7.59371 
 678 -7.61271 
 679 -7.61675 
 680 -7.6128 
 681 -7.69104 
 682 -7.62901 
 683 -7.67868 
 684 -7.72995 
 685 -7.68928 
 686 -7.68648 
 687 -7.6367 
 688 -7.60948 
 689 -7.62128 
 690 -7.46665 
 691 -7.5331 
 692 -7.58468 
 693 -7.62032 
 694 -7.62633 
 695 -7.58073 
 696 -7.58918 
 697 -7.53821 
 698 -7.47717 
 699 -7.53403 
 700 -7.49004 
 701 -7.51151 
 702 -7.54391 
 703 -7.5549 
 704 -7.51853 
 705 -7.52358 
 706 -7.59794 
 707 -7.63143 
 708 -7.59335 
 709 -7.54708 
 710 -7.61851 
 711 -7.58396 
 712 -7.57319 
 713 -7.60489 
 714 -7.57468 
 715 -7.5155 
 716 -7.49449 
 717 -7.52311 
 718 -7.4852 
 719 -7.43905 
 720 -7.38029 
 721 -7.34676 
 722 -7.42658 
 723 -7.40103 
 724 -7.48354 
 725 -7.50275 
 726 -7.56018 
 727 -7.59426 
 728 -7.60636 
 729 -7.66038 
 730 -7.60461 
 731 -7.57308 
 732 -7.49449 
 733 -7.54009 
 734 -7.4753 
 735 -7.49065 
 736 -7.46883 
 737 -7.50706 
 738 -7.51395 
 739 -7.51936 
 740 -7.47369 
 741 -7.54052 
 742 -7.53102 
 743 -7.53008 
 744 -7.59977 
 745 -7.58906 
 746 -7.62835 
 747 -7.62279 
 748 -7.57863 
 749 -7.60453 
 750 -7.71043 
 751 -7.728 
 752 -7.68596 
 753 -7.63289 
 754 -7.60444 
 755 -7.60395 
 756 -7.66069 
 757 -7.60282 
 758 -7.6396 
 759 -7.58178 
 760 -7.50417 
 761 -7.54952 
 762 -7.61229 
 763 -7.62799 
 764 -7.54397 
 765 -7.49557 
 766 -7.57749 
 767 -7.57704 
 768 -7.6183 
 769 -7.57432 
 770 -7.54216 
 771 -7.56868 
 772 -7.65154 
 773 -7.66523 
 774 -7.71697 
 775 -7.65903 
 776 -7.67031 
 777 -7.63921 
 778 -7.6375 
 779 -7.68133 
 780 -7.65821 
 781 -7.69154 
 782 -7.66038 
 783 -7.65001 
 784 -7.62108 
 785 -7.61934 
 786 -7.651 
 787 -7.60508 
 788 -7.51194 
 789 -7.49942 
 790 -7.47424 
 791 -7.48662 
 792 -7.45454 
 793 -7.47309 
 794 -7.5176 
 795 -7.54068 
 796 -7.47109 
 797 -7.47004 
 798 -7.52355 
 799 -7.52198 
 800 -7.49916 
 801 -7.43392 
 802 -7.52681 
 803 -7.56906 
 804 -7.61298 
 805 -7.65127 
 806 -7.66273 
 807 -7.62067 
 808 -7.52556 
 809 -7.54227 
 810 -7.61667 
 811 -7.54727 
 812 -7.50073 
 813 -7.5343 
 814 -7.55818 
 815 -7.54321 
 816 -7.55519 
 817 -7.50218 
 818 -7.5343 
 819 -7.53999 
 820 -7.57425 
 821 -7.52677 
 822 -7.46505 
 823 -7.46247 
 824 -7.45332 
 825 -7.43244 
 826 -7.39279 
 827 -7.33204 
 828 -7.34035 
 829 -7.37073 
 830 -7.43258 
 831 -7.4396 
 832 -7.47192 
 833 -7.48238 
 834 -7.45194 
 835 -7.38638 
 836 -7.42846 
 837 -7.40128 
 838 -7.34401 
 839 -7.47724 
 840 -7.39117 
 841 -7.38733 
 842 -7.39622 
 843 -7.48253 
 844 -7.48899 
 845 -7.56681 
 846 -7.54712 
 847 -7.50973 
 848 -7.51563 
 849 -7.48393 
 850 -7.50006 
 851 -7.51162 
 852 -7.50308 
 853 -7.50923 
 854 -7.4435 
 855 -7.47911 
 856 -7.4831 
 857 -7.43531 
 858 -7.3837 
 859 -7.42129 
 860 -7.50555 
 861 -7.52 
 862 -7.49643 
 863 -7.42331 
 864 -7.49639 
 865 -7.5814 
 866 -7.60298 
 867 -7.62275 
 868 -7.59475 
 869 -7.60282 
 870 -7.62483 
 871 -7.61455 
 872 -7.6638 
 873 -7.65495 
 874 -7.66382 
 875 -7.66179 
 876 -7.60861 
 877 -7.63292 
 878 -7.57479 
 879 -7.54282 
 880 -7.54336 
 881 -7.55447 
 882 -7.52467 
 883 -7.45096 
 884 -7.5788 
 885 -7.63243 
 886 -7.63164 
 887 -7.60057 
 888 -7.6287 
 889 -7.49604 
 890 -7.47829 
 891 -7.50522 
 892 -7.50154 
 893 -7.34818 
 894 -7.46279 
 895 -7.47849 
 896 -7.57712 
 897 -7.6018 
 898 -7.51012 
 899 -7.65456 
 900 -7.74511 
 901 -7.64768 
 902 -7.65741 
 903 -7.67424 
 904 -7.64189 
 905 -7.65188 
 906 -7.69255 
 907 -7.65855 
 908 -7.5779 
 909 -7.6292 
 910 -7.64063 
 911 -7.67729 
 912 -7.67728 
 913 -7.58814 
 914 -7.64993 
 915 -7.61808 
 916 -7.58784 
 917 -7.58859 
 918 -7.65037 
 919 -7.57713 
 920 -7.52688 
 921 -7.50886 
 922 -7.50684 
 923 -7.54298 
 924 -7.55927 
 925 -7.49465 
 926 -7.45298 
 927 -7.51206 
 928 -7.47144 
 929 -7.47333 
 930 -7.44693 
 931 -7.46217 
 932 -7.4144 
 933 -7.52466 
 934 -7.55848 
 935 -7.5599 
 936 -7.56878 
 937 -7.53485 
 938 -7.50382 
 939 -7.44846 
 940 -7.48076 
 941 -7.44418 
 942 -7.37984 
 943 -7.454 
 944 -7.40373 
 945 -7.41338 
 946 -7.43049 
 947 -7.43078 
 948 -7.5747 
 949 -7.6216 
 950 -7.59334 
 951 -7.58598 
 952 -7.62453 
 953 -7.71671 
 954 -7.68466 
 955 -7.67513 
 956 -7.65573 
 957 -7.60923 
 958 -7.63936 
 959 -7.55792 
 960 -7.53649 
 961 -7.50344 
 962 -7.55113 
 963 -7.57774 
 964 -7.5395 
 965 -7.53315 
 966 -7.47816 
 967 -7.42942 
 968 -7.41909 
 969 -7.50017 
 970 -7.49048 
 971 -7.55156 
 972 -7.53976 
 973 -7.52066 
 974 -7.53664 
 975 -7.50491 
 976 -7.44914 
 977 -7.46416 
 978 -7.41042 
 979 -7.45035 
 980 -7.54536 
 981 -7.47759 
 982 -7.50049 
 983 -7.52065 
 984 -7.50645 
 985 -7.46254 
 986 -7.45612 
 987 -7.52371 
 988 -7.57089 
 989 -7.60322 
 990 -7.5865 
 991 -7.64157 
 992 -7.58215 
 993 -7.54361 
 994 -7.53514 
 995 -7.52414 
 996 -7.51424 
 997 -7.507 
 998 -7.55631 
 999 -7.50768 
 1000 -7.37092 
 1001 -7.38099 
 1002 -7.40697 
 1003 -7.45519 
 1004 -7.44008 
 1005 -7.51454 
 1006 -7.52956 
 1007 -7.50065 
 1008 -7.4987 
 1009 -7.49064 
 1010 -7.47736 
 1011 -7.58904 
 1012 -7.64127 
 1013 -7.56247 
 1014 -7.5832 
 1015 -7.54403 
 1016 -7.55075 
 1017 -7.56689 
 1018 -7.62218 
 1019 -7.56669 
 1020 -7.54083 
 1021 -7.57461 
 1022 -7.62061 
 1023 -7.55813 
 1024 -7.52149 
 1025 -7.5016 
 1026 -7.54128 
 1027 -7.45688 
 1028 -7.48968 
 1029 -7.51403 
 1030 -7.55739 
 1031 -7.52929 
 1032 -7.53199 
 1033 -7.58795 
 1034 -7.65735 
 1035 -7.7138 
 1036 -7.72305 
 1037 -7.71976 
 1038 -7.66681 
 1039 -7.69126 
 1040 -7.77307 
 1041 -7.78306 
 1042 -7.71326 
 1043 -7.7289 
 1044 -7.68624 
 1045 -7.66825 
 1046 -7.71152 
 1047 -7.62769 
 1048 -7.67334 
 1049 -7.61489 
 1050 -7.67936 
 1051 -7.71154 
 1052 -7.67471 
 1053 -7.72068 
 1054 -7.70523 
 1055 -7.65549 
 1056 -7.68809 
 1057 -7.67019 
 1058 -7.66767 
 1059 -7.59665 
 1060 -7.61345 
 1061 -7.53931 
 1062 -7.56034 
 1063 -7.54288 
 1064 -7.54109 
 1065 -7.56124 
 1066 -7.53876 
 1067 -7.60702 
 1068 -7.56271 
 1069 -7.46618 
 1070 -7.47749 
 1071 -7.47256 
 1072 -7.51976 
 1073 -7.56313 
 1074 -7.66688 
 1075 -7.61189 
 1076 -7.56904 
 1077 -7.53756 
 1078 -7.58543 
 1079 -7.62687 
 1080 -7.63211 
 1081 -7.51896 
 1082 -7.53236 
 1083 -7.53391 
 1084 -7.48908 
 1085 -7.52458 
 1086 -7.5325 
 1087 -7.47951 
 1088 -7.47123 
 1089 -7.54387 
 1090 -7.5253 
 1091 -7.51978 
 1092 -7.38275 
 1093 -7.48498 
 1094 -7.5436 
 1095 -7.51337 
 1096 -7.46796 
 1097 -7.47702 
 1098 -7.43488 
 1099 -7.39759 
 1100 -7.49281 
 1101 -7.55944 
 1102 -7.57704 
 1103 -7.47657 
 1104 -7.4088 
 1105 -7.39095 
 1106 -7.44145 
 1107 -7.44557 
 1108 -7.47818 
 1109 -7.4343 
 1110 -7.47125 
 1111 -7.5319 
 1112 -7.42471 
 1113 -7.4693 
 1114 -7.52553 
 1115 -7.54298 
 1116 -7.56049 
 1117 -7.57648 
 1118 -7.56746 
 1119 -7.53247 
 1120 -7.52179 
 1121 -7.54804 
 1122 -7.46774 
 1123 -7.56901 
 1124 -7.65045 
 1125 -7.50871 
 1126 -7.49292 
 1127 -7.54817 
 1128 -7.60856 
 1129 -7.60882 
 1130 -7.56176 
 1131 -7.60706 
 1132 -7.63392 
 1133 -7.63026 
 1134 -7.62323 
 1135 -7.61622 
 1136 -7.57114 
 1137 -7.57284 
 1138 -7.5061 
 1139 -7.57967 
 1140 -7.61343 
 1141 -7.56076 
 1142 -7.64565 
 1143 -7.63422 
 1144 -7.53966 
 1145 -7.54223 
 1146 -7.54797 
 1147 -7.42382 
 1148 -7.36143 
 1149 -7.42923 
 1150 -7.5333 
 1151 -7.61572 
 1152 -7.62397 
 1153 -7.5903 
 1154 -7.62141 
 1155 -7.62342 
 1156 -7.62551 
 1157 -7.61462 
 1158 -7.61533 
 1159 -7.62292 
 1160 -7.65738 
 1161 -7.64054 
 1162 -7.57695 
 1163 -7.62106 
 1164 -7.64568 
 1165 -7.6946 
 1166 -7.64518 
 1167 -7.5718 
 1168 -7.59305 
 1169 -7.54196 
 1170 -7.5352 
 1171 -7.55754 
 1172 -7.49391 
 1173 -7.51953 
 1174 -7.47218 
 1175 -7.5349 
 1176 -7.57215 
 1177 -7.58128 
 1178 -7.60768 
 1179 -7.62654 
 1180 -7.71148 
 1181 -7.66752 
 1182 -7.64785 
 1183 -7.65438 
 1184 -7.71921 
 1185 -7.70592 
 1186 -7.6861 
 1187 -7.55281 
 1188 -7.50607 
 1189 -7.49931 
 1190 -7.48546 
 1191 -7.49196 
 1192 -7.48816 
 1193 -7.51304 
 1194 -7.52217 
 1195 -7.44884 
 1196 -7.50044 
 1197 -7.46126 
 1198 -7.49575 
 1199 -7.45479 
 1200 -7.47986 
 1201 -7.56062 
 1202 -7.57235 
 1203 -7.47593 
 1204 -7.51126 
 1205 -7.47738 
 1206 -7.51558 
 1207 -7.51052 
 1208 -7.5259 
 1209 -7.53841 
 1210 -7.50557 
 1211 -7.53119 
 1212 -7.56676 
 1213 -7.562 
 1214 -7.59159 
 1215 -7.513 
 1216 -7.52348 
 1217 -7.56614 
 1218 -7.52824 
 1219 -7.45348 
 1220 -7.48521 
 1221 -7.51878 
 1222 -7.62213 
 1223 -7.61594 
 1224 -7.66217 
 1225 -7.57573 
 1226 -7.51804 
 1227 -7.5786 
 1228 -7.59158 
 1229 -7.59268 
 1230 -7.58513 
 1231 -7.54408 
 1232 -7.58205 
 1233 -7.57029 
 1234 -7.64156 
 1235 -7.62213 
 1236 -7.5656 
 1237 -7.49435 
 1238 -7.5291 
 1239 -7.51834 
 1240 -7.46299 
 1241 -7.48733 
 1242 -7.46016 
 1243 -7.40332 
 1244 -7.46265 
 1245 -7.50263 
 1246 -7.46935 
 1247 -7.44788 
 1248 -7.44196 
 1249 -7.49337 
 1250 -7.50118 
 1251 -7.43969 
 1252 -7.45578 
 1253 -7.46943 
 1254 -7.52612 
 1255 -7.5428 
 1256 -7.49276 
 1257 -7.5641 
 1258 -7.48928 
 1259 -7.42086 
 1260 -7.47005 
 1261 -7.51492 
 1262 -7.5151 
 1263 -7.54168 
 1264 -7.57301 
 1265 -7.5972 
 1266 -7.54439 
 1267 -7.63035 
 1268 -7.66337 
 1269 -7.6893 
 1270 -7.62193 
 1271 -7.62612 
 1272 -7.57989 
 1273 -7.61846 
 1274 -7.52416 
 1275 -7.51149 
 1276 -7.54568 
 1277 -7.65988 
 1278 -7.72643 
 1279 -7.61893 
 1280 -7.62256 
 1281 -7.6053 
 1282 -7.66095 
 1283 -7.56664 
 1284 -7.62313 
 1285 -7.62679 
 1286 -7.62552 
 1287 -7.55333 
 1288 -7.64493 
 1289 -7.60829 
 1290 -7.6403 
 1291 -7.65026 
 1292 -7.61526 
 1293 -7.55755 
 1294 -7.62151 
 1295 -7.55828 
 1296 -7.54695 
 1297 -7.55747 
 1298 -7.58896 
 1299 -7.56804 
 1300 -7.65291 
 1301 -7.65079 
 1302 -7.57019 
 1303 -7.56548 
 1304 -7.50183 
 1305 -7.46998 
 1306 -7.53628 
 1307 -7.47083 
 1308 -7.56914 
 1309 -7.59174 
 1310 -7.53184 
 1311 -7.54641 
 1312 -7.5444 
 1313 -7.56265 
 1314 -7.55758 
 1315 -7.592 
 1316 -7.62452 
 1317 -7.58949 
 1318 -7.58858 
 1319 -7.54566 
 1320 -7.64994 
 1321 -7.64881 
 1322 -7.75081 
 1323 -7.66071 
 1324 -7.67172 
 1325 -7.66368 
 1326 -7.67819 
 1327 -7.58571 
 1328 -7.64064 
 1329 -7.56955 
 1330 -7.60905 
 1331 -7.57955 
 1332 -7.57447 
 1333 -7.5872 
 1334 -7.63321 
 1335 -7.6978 
 1336 -7.67141 
 1337 -7.63172 
 1338 -7.59096 
 1339 -7.656 
 1340 -7.67933 
 1341 -7.70532 
 1342 -7.7631 
 1343 -7.75087 
 1344 -7.61254 
 1345 -7.65352 
 1346 -7.6804 
 1347 -7.64034 
 1348 -7.59102 
 1349 -7.53157 
 1350 -7.45548 
 1351 -7.55275 
 1352 -7.6469 
 1353 -7.57271 
 1354 -7.60411 
 1355 -7.60515 
 1356 -7.53429 
 1357 -7.54403 
 1358 -7.52085 
 1359 -7.46026 
 1360 -7.54835 
 1361 -7.53985 
 1362 -7.55641 
 1363 -7.52337 
 1364 -7.44125 
 1365 -7.3923 
 1366 -7.40414 
 1367 -7.46823 
 1368 -7.5655 
 1369 -7.51528 
 1370 -7.50615 
 1371 -7.52642 
 1372 -7.48588 
 1373 -7.52124 
 1374 -7.5294 
 1375 -7.51329 
 1376 -7.51758 
 1377 -7.52193 
 1378 -7.55976 
 1379 -7.57028 
 1380 -7.63434 
 1381 -7.58489 
 1382 -7.58974 
 1383 -7.59441 
 1384 -7.58564 
 1385 -7.60766 
 1386 -7.63223 
 1387 -7.68312 
 1388 -7.64206 
 1389 -7.60174 
 1390 -7.59641 
 1391 -7.59224 
 1392 -7.6981 
 1393 -7.63816 
 1394 -7.61385 
 1395 -7.6113 
 1396 -7.60948 
 1397 -7.5911 
 1398 -7.6513 
 1399 -7.6374 
 1400 -7.69786 
 1401 -7.72754 
 1402 -7.74727 
 1403 -7.71703 
 1404 -7.65469 
 1405 -7.6141 
 1406 -7.62363 
 1407 -7.62078 
 1408 -7.61498 
 1409 -7.6729 
 1410 -7.65393 
 1411 -7.60749 
 1412 -7.60422 
 1413 -7.58755 
 1414 -7.58808 
 1415 -7.54134 
 1416 -7.60776 
 1417 -7.54943 
 1418 -7.5476 
 1419 -7.55149 
 1420 -7.4791 
 1421 -7.45972 
 1422 -7.50735 
 1423 -7.53373 
 1424 -7.59089 
 1425 -7.55151 
 1426 -7.55429 
 1427 -7.54132 
 1428 -7.54233 
 1429 -7.53424 
 1430 -7.52314 
 1431 -7.60441 
 1432 -7.65621 
 1433 -7.66699 
 1434 -7.66348 
 1435 -7.65944 
 1436 -7.63846 
 1437 -7.6194 
 1438 -7.6186 
 1439 -7.67021 
 1440 -7.57693 
 1441 -7.53044 
 1442 -7.59975 
 1443 -7.62726 
 1444 -7.66957 
 1445 -7.60291 
 1446 -7.6339 
 1447 -7.53683 
 1448 -7.54882 
 1449 -7.50257 
 1450 -7.54524 
 1451 -7.61471 
 1452 -7.53483 
 1453 -7.53865 
 1454 -7.57039 
 1455 -7.59868 
 1456 -7.62923 
 1457 -7.58731 
 1458 -7.58464 
 1459 -7.54527 
 1460 -7.49115 
 1461 -7.48992 
 1462 -7.49169 
 1463 -7.4175 
 1464 -7.39306 
 1465 -7.42859 
 1466 -7.37022 
 1467 -7.46601 
 1468 -7.47664 
 1469 -7.44839 
 1470 -7.46423 
 1471 -7.45314 
 1472 -7.40961 
 1473 -7.41412 
 1474 -7.35941 
 1475 -7.27102 
 1476 -7.30644 
 1477 -7.35783 
 1478 -7.32685 
 1479 -7.29078 
 1480 -7.32434 
 1481 -7.33156 
 1482 -7.40694 
 1483 -7.43936 
 1484 -7.47251 
 1485 -7.5007 
 1486 -7.47028 
 1487 -7.5478 
 1488 -7.56697 
 1489 -7.46393 
 1490 -7.47927 
 1491 -7.43091 
 1492 -7.50718 
 1493 -7.47079 
 1494 -7.50483 
 1495 -7.56482 
 1496 -7.57396 
 1497 -7.63436 
 1498 -7.60533 
 1499 -7.66476 
 1500 -7.63275 
 1501 -7.57948 
 1502 -7.57841 
 1503 -7.49388 
 1504 -7.44541 
 1505 -7.46935 
 1506 -7.51619 
 1507 -7.56834 
 1508 -7.47473 
 1509 -7.47464 
 1510 -7.51813 
 1511 -7.52133 
 1512 -7.52688 
 1513 -7.54884 
 1514 -7.56199 
 1515 -7.49457 
 1516 -7.4457 
 1517 -7.50312 
 1518 -7.44762 
 1519 -7.45284 
 1520 -7.45982 
 1521 -7.50163 
 1522 -7.53991 
 1523 -7.53492 
 1524 -7.54945 
 1525 -7.58172 
 1526 -7.59128 
 1527 -7.60342 
 1528 -7.55767 
 1529 -7.54479 
 1530 -7.47885 
 1531 -7.44793 
 1532 -7.41517 
 1533 -7.4627 
 1534 -7.48353 
 1535 -7.47703 
 1536 -7.47654 
 1537 -7.42847 
 1538 -7.5114 
 1539 -7.50396 
 1540 -7.36483 
 1541 -7.41304 
 1542 -7.38994 
 1543 -7.44621 
 1544 -7.50559 
 1545 -7.53534 
 1546 -7.51249 
 1547 -7.53275 
 1548 -7.46257 
 1549 -7.47564 
 1550 -7.43143 
 1551 -7.47395 
 1552 -7.45125 
 1553 -7.51774 
 1554 -7.47494 
 1555 -7.4336 
 1556 -7.44022 
 1557 -7.35579 
 1558 -7.48556 
 1559 -7.55582 
 1560 -7.49555 
 1561 -7.49987 
 1562 -7.44141 
 1563 -7.41712 
 1564 -7.37786 
 1565 -7.39927 
 1566 -7.35132 
 1567 -7.31914 
 1568 -7.31226 
 1569 -7.36514 
 1570 -7.42725 
 1571 -7.47757 
 1572 -7.45136 
 1573 -7.41674 
 1574 -7.47516 
 1575 -7.52302 
 1576 -7.53759 
 1577 -7.48707 
 1578 -7.57846 
 1579 -7.52587 
 1580 -7.44179 
 1581 -7.47115 
 1582 -7.55036 
 1583 -7.54835 
 1584 -7.52988 
 1585 -7.53153 
 1586 -7.5302 
 1587 -7.52911 
 1588 -7.498 
 1589 -7.50345 
 1590 -7.57403 
 1591 -7.53693 
 1592 -7.60704 
 1593 -7.64207 
 1594 -7.63214 
 1595 -7.62799 
 1596 -7.53165 
 1597 -7.55765 
 1598 -7.57107 
 1599 -7.61466 
 1600 -7.68329 
 1601 -7.68999 
 1602 -7.63484 
 1603 -7.64024 
 1604 -7.64833 
 1605 -7.70967 
 1606 -7.68229 
 1607 -7.73196 
 1608 -7.77305 
 1609 -7.73366 
 1610 -7.73262 
 1611 -7.71904 
 1612 -7.71244 
 1613 -7.62574 
 1614 -7.56345 
 1615 -7.42758 
 1616 -7.42588 
 1617 -7.51417 
 1618 -7.62982 
 1619 -7.59669 
 1620 -7.56968 
 1621 -7.60276 
 1622 -7.58929 
 1623 -7.63058 
 1624 -7.67127 
 1625 -7.677 
 1626 -7.63072 
 1627 -7.55571 
 1628 -7.54034 
 1629 -7.61172 
 1630 -7.63225 
 1631 -7.58689 
 1632 -7.59875 
 1633 -7.62075 
 1634 -7.55471 
 1635 -7.44603 
 1636 -7.5826 
 1637 -7.54396 
 1638 -7.48119 
 1639 -7.46178 
 1640 -7.42109 
 1641 -7.46493 
 1642 -7.38413 
 1643 -7.41859 
 1644 -7.34925 
 1645 -7.43144 
 1646 -7.50733 
 1647 -7.47546 
 1648 -7.41146 
 1649 -7.38484 
 1650 -7.41601 
 1651 -7.42794 
 1652 -7.40552 
 1653 -7.40809 
 1654 -7.42867 
 1655 -7.42595 
 1656 -7.44559 
 1657 -7.45426 
 1658 -7.4578 
 1659 -7.5211 
 1660 -7.4411 
 1661 -7.38895 
 1662 -7.37382 
 1663 -7.38992 
 1664 -7.41775 
 1665 -7.48578 
 1666 -7.51243 
 1667 -7.50381 
 1668 -7.47068 
 1669 -7.48286 
 1670 -7.46216 
 1671 -7.48312 
 1672 -7.48611 
 1673 -7.45625 
 1674 -7.45093 
 1675 -7.50764 
 1676 -7.57813 
 1677 -7.63004 
 1678 -7.60267 
 1679 -7.64727 
 1680 -7.59359 
 1681 -7.69114 
 1682 -7.73418 
 1683 -7.71465 
 1684 -7.59544 
 1685 -7.60706 
 1686 -7.63712 
 1687 -7.56715 
 1688 -7.59025 
 1689 -7.53654 
 1690 -7.53388 
 1691 -7.53999 
 1692 -7.56972 
 1693 -7.60536 
 1694 -7.57868 
 1695 -7.57825 
 1696 -7.61396 
 1697 -7.59403 
 1698 -7.52761 
 1699 -7.49958 
 1700 -7.49684 
 1701 -7.512 
 1702 -7.54295 
 1703 -7.54403 
 1704 -7.58327 
 1705 -7.57958 
 1706 -7.50057 
 1707 -7.45948 
 1708 -7.46364 
 1709 -7.51539 
 1710 -7.4203 
 1711 -7.44428 
 1712 -7.51932 
 1713 -7.59771 
 1714 -7.60262 
 1715 -7.5915 
 1716 -7.56335 
 1717 -7.56046 
 1718 -7.58229 
 1719 -7.56411 
 1720 -7.58769 
 1721 -7.5509 
 1722 -7.57082 
 1723 -7.57656 
 1724 -7.54845 
 1725 -7.6248 
 1726 -7.67407 
 1727 -7.59941 
 1728 -7.61136 
 1729 -7.67407 
 1730 -7.57994 
 1731 -7.55599 
 1732 -7.59623 
 1733 -7.66158 
 1734 -7.66573 
 1735 -7.74587 
 1736 -7.74941 
 1737 -7.77216 
 1738 -7.75615 
 1739 -7.68967 
 1740 -7.61923 
 1741 -7.60791 
 1742 -7.65323 
 1743 -7.67415 
 1744 -7.70474 
 1745 -7.69833 
 1746 -7.68711 
 1747 -7.62411 
 1748 -7.67382 
 1749 -7.60237 
 1750 -7.64192 
 1751 -7.5362 
 1752 -7.67065 
 1753 -7.71738 
 1754 -7.64429 
 1755 -7.68566 
 1756 -7.66789 
 1757 -7.62978 
 1758 -7.61786 
 1759 -7.56936 
 1760 -7.60754 
 1761 -7.59249 
 1762 -7.60081 
 1763 -7.63082 
 1764 -7.56437 
 1765 -7.53159 
 1766 -7.57117 
 1767 -7.51258 
 1768 -7.56384 
 1769 -7.55508 
 1770 -7.5319 
 1771 -7.54025 
 1772 -7.50707 
 1773 -7.529 
 1774 -7.52117 
 1775 -7.47809 
 1776 -7.41376 
 1777 -7.4476 
 1778 -7.4895 
 1779 -7.43334 
 1780 -7.44315 
 1781 -7.42964 
 1782 -7.39124 
 1783 -7.49436 
 1784 -7.49164 
 1785 -7.51091 
 1786 -7.54857 
 1787 -7.57212 
 1788 -7.59189 
 1789 -7.55828 
 1790 -7.60762 
 1791 -7.66192 
 1792 -7.70907 
 1793 -7.62752 
 1794 -7.58652 
 1795 -7.54439 
 1796 -7.54452 
 1797 -7.4997 
 1798 -7.56972 
 1799 -7.52049 
 1800 -7.47952 
 1801 -7.50668 
 1802 -7.5682 
 1803 -7.50543 
 1804 -7.45756 
 1805 -7.44894 
 1806 -7.50172 
 1807 -7.45153 
 1808 -7.47 
 1809 -7.47069 
 1810 -7.46614 
 1811 -7.44374 
 1812 -7.46715 
 1813 -7.3998 
 1814 -7.46246 
 1815 -7.48321 
 1816 -7.53593 
 1817 -7.46732 
 1818 -7.48853 
 1819 -7.52722 
 1820 -7.62418 
 1821 -7.64104 
 1822 -7.69757 
 1823 -7.68405 
 1824 -7.60611 
 1825 -7.55319 
 1826 -7.52842 
 1827 -7.50144 
 1828 -7.53455 
 1829 -7.55745 
 1830 -7.65518 
 1831 -7.64116 
 1832 -7.63973 
 1833 -7.65787 
 1834 -7.62644 
 1835 -7.56222 
 1836 -7.57967 
 1837 -7.58325 
 1838 -7.57466 
 1839 -7.57252 
 1840 -7.55715 
 1841 -7.43919 
 1842 -7.53005 
 1843 -7.57174 
 1844 -7.63729 
 1845 -7.60991 
 1846 -7.50871 
 1847 -7.50826 
 1848 -7.52204 
 1849 -7.52968 
 1850 -7.47798 
 1851 -7.57108 
 1852 -7.64519 
 1853 -7.61104 
 1854 -7.57338 
 1855 -7.54942 
 1856 -7.5196 
 1857 -7.56947 
 1858 -7.49596 
 1859 -7.56106 
 1860 -7.54497 
 1861 -7.68732 
 1862 -7.66531 
 1863 -7.58773 
 1864 -7.53801 
 1865 -7.56948 
 1866 -7.54715 
 1867 -7.54182 
 1868 -7.48691 
 1869 -7.53258 
 1870 -7.54818 
 1871 -7.57803 
 1872 -7.5191 
 1873 -7.6043 
 1874 -7.61511 
 1875 -7.62746 
 1876 -7.51355 
 1877 -7.55356 
 1878 -7.57256 
 1879 -7.57191 
 1880 -7.61555 
 1881 -7.67046 
 1882 -7.59638 
 1883 -7.59277 
 1884 -7.54247 
 1885 -7.60366 
 1886 -7.63167 
 1887 -7.75051 
 1888 -7.6981 
 1889 -7.73229 
 1890 -7.63061 
 1891 -7.65176 
 1892 -7.65588 
 1893 -7.61368 
 1894 -7.5852 
 1895 -7.56171 
 1896 -7.54318 
 1897 -7.58463 
 1898 -7.56006 
 1899 -7.59802 
 1900 -7.58096 
 1901 -7.50677 
 1902 -7.51506 
 1903 -7.59939 
 1904 -7.61966 
 1905 -7.57664 
 1906 -7.60683 
 1907 -7.65066 
 1908 -7.6367 
 1909 -7.58919 
 1910 -7.63949 
 1911 -7.66612 
 1912 -7.70858 
 1913 -7.67889 
 1914 -7.60915 
 1915 -7.6079 
 1916 -7.63475 
 1917 -7.64415 
 1918 -7.62204 
 1919 -7.59849 
 1920 -7.60218 
 1921 -7.59454 
 1922 -7.69533 
 1923 -7.69341 
 1924 -7.67857 
 1925 -7.6488 
 1926 -7.6267 
 1927 -7.60579 
 1928 -7.62496 
 1929 -7.58828 
 1930 -7.58365 
 1931 -7.65663 
 1932 -7.54152 
 1933 -7.55076 
 1934 -7.59136 
 1935 -7.53091 
 1936 -7.55652 
 1937 -7.53742 
 1938 -7.50364 
 1939 -7.5095 
 1940 -7.52748 
 1941 -7.6002 
 1942 -7.53669 
 1943 -7.56826 
 1944 -7.51421 
 1945 -7.55934 
 1946 -7.53121 
 1947 -7.50774 
 1948 -7.60138 
 1949 -7.62084 
 1950 -7.53182 
 1951 -7.50486 
 1952 -7.51979 
 1953 -7.57079 
 1954 -7.55681 
 1955 -7.56861 
 1956 -7.58112 
 1957 -7.57452 
 1958 -7.54331 
 1959 -7.59375 
 1960 -7.58096 
 1961 -7.5116 
 1962 -7.5964 
 1963 -7.52507 
 1964 -7.47054 
 1965 -7.44153 
 1966 -7.475 
 1967 -7.45363 
 1968 -7.46284 
 1969 -7.49711 
 1970 -7.50228 
 1971 -7.43315 
 1972 -7.56598 
 1973 -7.59669 
 1974 -7.54652 
 1975 -7.5731 
 1976 -7.4946 
 1977 -7.47932 
 1978 -7.45615 
 1979 -7.54416 
 1980 -7.58797 
 1981 -7.56022 
 1982 -7.56788 
 1983 -7.52396 
 1984 -7.50265 
 1985 -7.54881 
 1986 -7.58363 
 1987 -7.64732 
 1988 -7.6451 
 1989 -7.65755 
 1990 -7.6277 
 1991 -7.60395 
 1992 -7.54352 
 1993 -7.64847 
 1994 -7.75991 
 1995 -7.75174 
 1996 -7.77516 
 1997 -7.69414 
 1998 -7.67363 
 1999 -7.57371 
 2000 -7.62617 
 2001 -7.60384 
 2002 -7.67599 
 2003 -7.63738 
 2004 -7.61436 
 2005 -7.59995 
 2006 -7.63861 
 2007 -7.68474 
 2008 -7.66407 
 2009 -7.64753 
 2010 -7.65765 
 2011 -7.69733 
 2012 -7.69275 
 2013 -7.62177 
 2014 -7.65775 
 2015 -7.59133 
 2016 -7.58282 
 2017 -7.63439 
 2018 -7.63377 
 2019 -7.69725 
 2020 -7.63624 
 2021 -7.6454 
 2022 -7.60896 
 2023 -7.55613 
 2024 -7.57559 
 2025 -7.55796 
 2026 -7.47761 
 2027 -7.46339 
 2028 -7.54022 
 2029 -7.53835 
 2030 -7.55645 
 2031 -7.54793 
 2032 -7.52069 
 2033 -7.58112 
 2034 -7.51965 
 2035 -7.54639 
 2036 -7.58755 
 2037 -7.57375 
 2038 -7.58852 
 2039 -7.58792 
 2040 -7.56368 
 2041 -7.57991 
 2042 -7.64457 
 2043 -7.62961 
 2044 -7.5197 
 2045 -7.52942 
 2046 -7.55801 
 2047 -7.59794 
 2048 -7.5777 
 2049 -7.56025 
 2050 -7.61875 
 2051 -7.58482 
 2052 -7.56289 
 2053 -7.54435 
 2054 -7.5032 
 2055 -7.52184 
 2056 -7.52644 
 2057 -7.52334 
 2058 -7.46757 
 2059 -7.36437 
 2060 -7.43936 
 2061 -7.37684 
 2062 -7.41482 
 2063 -7.39958 
 2064 -7.41367 
 2065 -7.43342 
 2066 -7.40491 
 2067 -7.41698 
 2068 -7.41024 
 2069 -7.41514 
 2070 -7.40434 
 2071 -7.42776 
 2072 -7.4297 
 2073 -7.43212 
 2074 -7.39087 
 2075 -7.37098 
 2076 -7.37527 
 2077 -7.44526 
 2078 -7.45563 
 2079 -7.53961 
 2080 -7.49623 
 2081 -7.52917 
 2082 -7.57108 
 2083 -7.50778 
 2084 -7.4125 
 2085 -7.40683 
 2086 -7.36604 
 2087 -7.44257 
 2088 -7.38947 
 2089 -7.4442 
 2090 -7.46434 
 2091 -7.36826 
 2092 -7.33733 
 2093 -7.33039 
 2094 -7.44014 
 2095 -7.48767 
 2096 -7.43867 
 2097 -7.42375 
 2098 -7.52413 
 2099 -7.52251 
 2100 -7.53433 
 2101 -7.57608 
 2102 -7.48718 
 2103 -7.478 
 2104 -7.55023 
 2105 -7.66018 
 2106 -7.65417 
 2107 -7.68926 
 2108 -7.6829 
 2109 -7.61304 
 2110 -7.66627 
 2111 -7.73223 
 2112 -7.69942 
 2113 -7.73447 
 2114 -7.74666 
 2115 -7.68857 
 2116 -7.63739 
 2117 -7.61602 
 2118 -7.67535 
 2119 -7.63753 
 2120 -7.6037 
 2121 -7.54485 
 2122 -7.55375 
 2123 -7.55973 
 2124 -7.59746 
 2125 -7.65639 
 2126 -7.69099 
 2127 -7.61921 
 2128 -7.60656 
 2129 -7.50619 
 2130 -7.51581 
 2131 -7.51339 
 2132 -7.50029 
 2133 -7.54905 
 2134 -7.51392 
 2135 -7.61684 
 2136 -7.65146 
 2137 -7.63149 
 2138 -7.65449 
 2139 -7.70933 
 2140 -7.70546 
 2141 -7.73817 
 2142 -7.71806 
 2143 -7.72602 
 2144 -7.67432 
 2145 -7.74594 
 2146 -7.58582 
 2147 -7.66048 
 2148 -7.67002 
 2149 -7.62181 
 2150 -7.68101 
 2151 -7.61165 
 2152 -7.59279 
 2153 -7.57818 
 2154 -7.61675 
 2155 -7.6242 
 2156 -7.53513 
 2157 -7.60753 
 2158 -7.59666 
 2159 -7.59835 
 2160 -7.6521 
 2161 -7.62118 
 2162 -7.59887 
 2163 -7.61673 
 2164 -7.64122 
 2165 -7.65731 
 2166 -7.60137 
 2167 -7.59029 
 2168 -7.57517 
 2169 -7.51281 
 2170 -7.51686 
 2171 -7.50496 
 2172 -7.57496 
 2173 -7.55347 
 2174 -7.52772 
 2175 -7.4895 
 2176 -7.47075 
 2177 -7.48911 
 2178 -7.49842 
 2179 -7.4416 
 2180 -7.56348 
 2181 -7.50644 
 2182 -7.49533 
 2183 -7.48073 
 2184 -7.54948 
 2185 -7.52302 
 2186 -7.51727 
 2187 -7.57072 
 2188 -7.59623 
 2189 -7.5417 
 2190 -7.62648 
 2191 -7.5099 
 2192 -7.56459 
 2193 -7.64136 
 2194 -7.61966 
 2195 -7.62765 
 2196 -7.60243 
 2197 -7.57586 
 2198 -7.61518 
 2199 -7.62779 
 2200 -7.61751 
 2201 -7.69167 
 2202 -7.68446 
 2203 -7.68229 
 2204 -7.64826 
 2205 -7.69254 
 2206 -7.61476 
 2207 -7.6383 
 2208 -7.69045 
 2209 -7.69721 
 2210 -7.66693 
 2211 -7.7069 
 2212 -7.69531 
 2213 -7.71367 
 2214 -7.66098 
 2215 -7.69788 
 2216 -7.67263 
 2217 -7.65949 
 2218 -7.60099 
 2219 -7.50022 
 2220 -7.43924 
 2221 -7.46927 
 2222 -7.55802 
 2223 -7.52617 
 2224 -7.57842 
 2225 -7.53649 
 2226 -7.50112 
 2227 -7.40545 
 2228 -7.4652 
 2229 -7.457 
 2230 -7.45134 
 2231 -7.3865 
 2232 -7.41887 
 2233 -7.3806 
 2234 -7.41408 
 2235 -7.36974 
 2236 -7.40588 
 2237 -7.34913 
 2238 -7.25776 
 2239 -7.33517 
 2240 -7.37934 
 2241 -7.35792 
 2242 -7.47948 
 2243 -7.48252 
 2244 -7.48003 
 2245 -7.41803 
 2246 -7.50734 
 2247 -7.56155 
 2248 -7.55521 
 2249 -7.55561 
 2250 -7.45608 
 2251 -7.48499 
 2252 -7.51917 
 2253 -7.54676 
 2254 -7.50473 
 2255 -7.49884 
 2256 -7.4893 
 2257 -7.51844 
 2258 -7.47215 
 2259 -7.52907 
 2260 -7.48748 
 2261 -7.49974 
 2262 -7.4404 
 2263 -7.42962 
 2264 -7.41043 
 2265 -7.43538 
 2266 -7.48815 
 2267 -7.41849 
 2268 -7.50899 
 2269 -7.59853 
 2270 -7.53513 
 2271 -7.52515 
 2272 -7.58562 
 2273 -7.50908 
 2274 -7.45921 
 2275 -7.51446 
 2276 -7.52519 
 2277 -7.5776 
 2278 -7.58113 
 2279 -7.58207 
 2280 -7.55624 
 2281 -7.55733 
 2282 -7.56828 
 2283 -7.55684 
 2284 -7.53667 
 2285 -7.51647 
 2286 -7.48337 
 2287 -7.49123 
 2288 -7.50485 
 2289 -7.48159 
 2290 -7.5258 
 2291 -7.61297 
 2292 -7.65266 
 2293 -7.61608 
 2294 -7.66209 
 2295 -7.71047 
 2296 -7.70629 
 2297 -7.73467 
 2298 -7.6798 
 2299 -7.68399 
 2300 -7.59541 
 2301 -7.56048 
 2302 -7.6534 
 2303 -7.69741 
 2304 -7.71221 
 2305 -7.69671 
 2306 -7.73091 
 2307 -7.75008 
 2308 -7.7327 
 2309 -7.70745 
 2310 -7.66248 
 2311 -7.67759 
 2312 -7.64405 
 2313 -7.60659 
 2314 -7.61124 
 2315 -7.66495 
 2316 -7.59147 
 2317 -7.64472 
 2318 -7.62491 
 2319 -7.51593 
 2320 -7.59418 
 2321 -7.63525 
 2322 -7.63667 
 2323 -7.58333 
 2324 -7.66621 
 2325 -7.59425 
 2326 -7.51686 
 2327 -7.60227 
 2328 -7.57298 
 2329 -7.5589 
 2330 -7.50711 
 2331 -7.49103 
 2332 -7.59249 
 2333 -7.55717 
 2334 -7.58849 
 2335 -7.52876 
 2336 -7.53929 
 2337 -7.56578 
 2338 -7.538 
 2339 -7.48379 
 2340 -7.45075 
 2341 -7.48665 
 2342 -7.51856 
 2343 -7.48372 
 2344 -7.58068 
 2345 -7.54549 
 2346 -7.53541 
 2347 -7.53477 
 2348 -7.53115 
 2349 -7.54969 
 2350 -7.44956 
 2351 -7.51422 
 2352 -7.43575 
 2353 -7.52811 
 2354 -7.55224 
 2355 -7.53329 
 2356 -7.58529 
 2357 -7.62116 
 2358 -7.557 
 2359 -7.5549 
 2360 -7.60942 
 2361 -7.58117 
 2362 -7.56457 
 2363 -7.60122 
 2364 -7.52225 
 2365 -7.58849 
 2366 -7.51338 
 2367 -7.53093 
 2368 -7.531 
 2369 -7.55307 
 2370 -7.53539 
 2371 -7.46981 
 2372 -7.46172 
 2373 -7.42142 
 2374 -7.48964 
 2375 -7.50598 
 2376 -7.52527 
 2377 -7.45052 
 2378 -7.5365 
 2379 -7.542 
 2380 -7.53571 
 2381 -7.49497 
 2382 -7.47376 
 2383 -7.50719 
 2384 -7.48962 
 2385 -7.50699 
 2386 -7.48085 
 2387 -7.51515 
 2388 -7.39929 
 2389 -7.46842 
 2390 -7.37342 
 2391 -7.32157 
 2392 -7.31581 
 2393 -7.30288 
 2394 -7.41636 
 2395 -7.41744 
 2396 -7.42669 
 2397 -7.36589 
 2398 -7.33987 
 2399 -7.29314 
 2400 -7.45871 
 2401 -7.439 
 2402 -7.47245 
 2403 -7.47029 
 2404 -7.4966 
 2405 -7.42519 
 2406 -7.45859 
 2407 -7.40667 
 2408 -7.4273 
 2409 -7.42982 
 2410 -7.49436 
 2411 -7.55494 
 2412 -7.62238 
 2413 -7.58492 
 2414 -7.63631 
 2415 -7.70474 
 2416 -7.59289 
 2417 -7.54967 
 2418 -7.59033 
 2419 -7.56949 
 2420 -7.50504 
 2421 -7.5211 
 2422 -7.45812 
 2423 -7.56113 
 2424 -7.53663 
 2425 -7.52285 
 2426 -7.53151 
 2427 -7.5724 
 2428 -7.50343 
 2429 -7.43276 
 2430 -7.39721 
 2431 -7.43053 
 2432 -7.41305 
 2433 -7.46135 
 2434 -7.48782 
 2435 -7.44628 
 2436 -7.47719 
 2437 -7.50074 
 2438 -7.53478 
 2439 -7.5234 
 2440 -7.56349 
 2441 -7.55854 
 2442 -7.56523 
 2443 -7.53752 
 2444 -7.54401 
 2445 -7.54655 
 2446 -7.57883 
 2447 -7.55257 
 2448 -7.51273 
 2449 -7.52159 
 2450 -7.54647 
 2451 -7.61329 
 2452 -7.63939 
 2453 -7.66663 
 2454 -7.65349 
 2455 -7.63089 
 2456 -7.59287 
 2457 -7.65092 
 2458 -7.63535 
 2459 -7.53792 
 2460 -7.55652 
 2461 -7.55504 
 2462 -7.56372 
 2463 -7.6195 
 2464 -7.60482 
 2465 -7.66361 
 2466 -7.60909 
 2467 -7.51106 
 2468 -7.52068 
 2469 -7.49412 
 2470 -7.54974 
 2471 -7.51201 
 2472 -7.57016 
 2473 -7.57657 
 2474 -7.53944 
 2475 -7.48318 
 2476 -7.45947 
 2477 -7.39134 
 2478 -7.50807 
 2479 -7.45396 
 2480 -7.53881 
 2481 -7.56851 
 2482 -7.60786 
 2483 -7.63362 
 2484 -7.60952 
 2485 -7.54704 
 2486 -7.55374 
 2487 -7.54566 
 2488 -7.53569 
 2489 -7.50204 
 2490 -7.46253 
 2491 -7.46513 
 2492 -7.46729 
 2493 -7.525 
 2494 -7.5797 
 2495 -7.61175 
 2496 -7.58281 
 2497 -7.66188 
 2498 -7.62066 
 2499 -7.61725 
 2500 -7.696 
 2501 -7.70169 
 2502 -7.6654 
 2503 -7.57999 
 2504 -7.54342 
 2505 -7.55834 
 2506 -7.56913 
 2507 -7.60617 
 2508 -7.54605 
 2509 -7.66998 
 2510 -7.66465 
 2511 -7.58884 
 2512 -7.63363 
 2513 -7.71736 
 2514 -7.6778 
 2515 -7.6312 
 2516 -7.60397 
 2517 -7.56469 
 2518 -7.62743 
 2519 -7.62491 
 2520 -7.59598 
 2521 -7.64747 
 2522 -7.67139 
 2523 -7.7003 
 2524 -7.68783 
 2525 -7.63378 
 2526 -7.5677 
 2527 -7.64144 
 2528 -7.69452 
 2529 -7.57896 
 2530 -7.57329 
 2531 -7.5308 
 2532 -7.65664 
 2533 -7.66027 
 2534 -7.595 
 2535 -7.55962 
 2536 -7.57066 
 2537 -7.59613 
 2538 -7.64072 
 2539 -7.64577 
 2540 -7.58095 
 2541 -7.55703 
 2542 -7.58093 
 2543 -7.59791 
 2544 -7.53158 
 2545 -7.50298 
 2546 -7.55649 
 2547 -7.58887 
 2548 -7.61408 
 2549 -7.68132 
 2550 -7.69927 
 2551 -7.69473 
 2552 -7.68162 
 2553 -7.66583 
 2554 -7.59311 
 2555 -7.69278 
 2556 -7.6558 
 2557 -7.69084 
 2558 -7.61625 
 2559 -7.61934 
 2560 -7.62028 
 2561 -7.60106 
 2562 -7.56432 
 2563 -7.56392 
 2564 -7.4823 
 2565 -7.43142 
 2566 -7.53905 
 2567 -7.46018 
 2568 -7.51748 
 2569 -7.57149 
 2570 -7.60432 
 2571 -7.64691 
 2572 -7.60513 
 2573 -7.61645 
 2574 -7.51962 
 2575 -7.54878 
 2576 -7.5489 
 2577 -7.54148 
 2578 -7.56993 
 2579 -7.54304 
 2580 -7.47254 
 2581 -7.51348 
 2582 -7.47764 
 2583 -7.49423 
 2584 -7.49792 
 2585 -7.38639 
 2586 -7.41752 
 2587 -7.44229 
 2588 -7.44876 
 2589 -7.45193 
 2590 -7.53035 
 2591 -7.54265 
 2592 -7.5665 
 2593 -7.59645 
 2594 -7.58503 
 2595 -7.6275 
 2596 -7.60418 
 2597 -7.49652 
 2598 -7.47589 
 2599 -7.55042 
 2600 -7.55628 
 2601 -7.56889 
 2602 -7.51717 
 2603 -7.58055 
 2604 -7.60573 
 2605 -7.68431 
 2606 -7.69634 
 2607 -7.68915 
 2608 -7.67228 
 2609 -7.65981 
 2610 -7.63689 
 2611 -7.5996 
 2612 -7.61464 
 2613 -7.63315 
 2614 -7.64824 
 2615 -7.60543 
 2616 -7.54023 
 2617 -7.54411 
 2618 -7.56013 
 2619 -7.56822 
 2620 -7.57472 
 2621 -7.61456 
 2622 -7.66137 
 2623 -7.69089 
 2624 -7.68108 
 2625 -7.6177 
 2626 -7.51618 
 2627 -7.48413 
 2628 -7.44295 
 2629 -7.51982 
 2630 -7.52042 
 2631 -7.52026 
 2632 -7.52728 
 2633 -7.58953 
 2634 -7.59234 
 2635 -7.54639 
 2636 -7.58257 
 2637 -7.58051 
 2638 -7.58294 
 2639 -7.56811 
 2640 -7.61177 
 2641 -7.61701 
 2642 -7.50726 
 2643 -7.44547 
 2644 -7.42072 
 2645 -7.48789 
 2646 -7.52749 
 2647 -7.52682 
 2648 -7.60885 
 2649 -7.55827 
 2650 -7.49713 
 2651 -7.52588 
 2652 -7.55916 
 2653 -7.54256 
 2654 -7.61731 
 2655 -7.58615 
 2656 -7.57766 
 2657 -7.66134 
 2658 -7.66044 
 2659 -7.72944 
 2660 -7.68351 
 2661 -7.71365 
 2662 -7.64777 
 2663 -7.56769 
 2664 -7.67121 
 2665 -7.70314 
 2666 -7.68686 
 2667 -7.70712 
 2668 -7.7893 
 2669 -7.80463 
 2670 -7.7815 
 2671 -7.75376 
 2672 -7.65862 
 2673 -7.65031 
 2674 -7.64991 
 2675 -7.6251 
 2676 -7.65353 
 2677 -7.67934 
 2678 -7.74361 
 2679 -7.69837 
 2680 -7.71995 
 2681 -7.65085 
 2682 -7.58321 
 2683 -7.58944 
 2684 -7.54501 
 2685 -7.53659 
 2686 -7.50726 
 2687 -7.55065 
 2688 -7.53629 
 2689 -7.57878 
 2690 -7.5986 
 2691 -7.46586 
 2692 -7.46958 
 2693 -7.48501 
 2694 -7.47908 
 2695 -7.48974 
 2696 -7.45553 
 2697 -7.54416 
 2698 -7.63269 
 2699 -7.65082 
 2700 -7.7126 
 2701 -7.6848 
 2702 -7.63539 
 2703 -7.63496 
 2704 -7.66669 
 2705 -7.57896 
 2706 -7.52445 
 2707 -7.50372 
 2708 -7.50033 
 2709 -7.51499 
 2710 -7.61085 
 2711 -7.56113 
 2712 -7.535 
 2713 -7.46039 
 2714 -7.48883 
 2715 -7.52777 
 2716 -7.62687 
 2717 -7.63459 
 2718 -7.51905 
 2719 -7.51259 
 2720 -7.45449 
 2721 -7.37386 
 2722 -7.40611 
 2723 -7.41796 
 2724 -7.43267 
 2725 -7.42354 
 2726 -7.36957 
 2727 -7.42952 
 2728 -7.46441 
 2729 -7.58292 
 2730 -7.64506 
 2731 -7.59126 
 2732 -7.62287 
 2733 -7.61423 
 2734 -7.55408 
 2735 -7.58692 
 2736 -7.51825 
 2737 -7.55105 
 2738 -7.54119 
 2739 -7.6174 
 2740 -7.64541 
 2741 -7.62373 
 2742 -7.65241 
 2743 -7.62869 
 2744 -7.68889 
 2745 -7.64681 
 2746 -7.63889 
 2747 -7.6124 
 2748 -7.60688 
 2749 -7.62362 
 2750 -7.62393 
 2751 -7.63224 
 2752 -7.54301 
 2753 -7.55289 
 2754 -7.61789 
 2755 -7.64938 
 2756 -7.67973 
 2757 -7.65701 
 2758 -7.61991 
 2759 -7.65715 
 2760 -7.59098 
 2761 -7.56251 
 2762 -7.54773 
 2763 -7.5539 
 2764 -7.59711 
 2765 -7.57281 
 2766 -7.4262 
 2767 -7.42869 
 2768 -7.44055 
 2769 -7.48043 
 2770 -7.42054 
 2771 -7.52908 
 2772 -7.46082 
 2773 -7.51455 
 2774 -7.57222 
 2775 -7.64201 
 2776 -7.61751 
 2777 -7.63276 
 2778 -7.67298 
 2779 -7.72828 
 2780 -7.65057 
 2781 -7.57244 
 2782 -7.53343 
 2783 -7.55875 
 2784 -7.69848 
 2785 -7.69866 
 2786 -7.67782 
 2787 -7.58088 
 2788 -7.61512 
 2789 -7.57104 
 2790 -7.48335 
 2791 -7.51155 
 2792 -7.52713 
 2793 -7.54825 
 2794 -7.48199 
 2795 -7.51068 
 2796 -7.55289 
 2797 -7.58477 
 2798 -7.61036 
 2799 -7.65849 
 2800 -7.64351 
 2801 -7.64923 
 2802 -7.64457 
 2803 -7.65843 
 2804 -7.59789 
 2805 -7.63 
 2806 -7.67287 
 2807 -7.59002 
 2808 -7.59979 
 2809 -7.57244 
 2810 -7.60187 
 2811 -7.61131 
 2812 -7.65719 
 2813 -7.63867 
 2814 -7.66301 
 2815 -7.69492 
 2816 -7.69041 
 2817 -7.65877 
 2818 -7.64657 
 2819 -7.69217 
 2820 -7.62506 
 2821 -7.62962 
 2822 -7.60009 
 2823 -7.57708 
 2824 -7.58104 
 2825 -7.57522 
 2826 -7.66536 
 2827 -7.60306 
 2828 -7.62685 
 2829 -7.63116 
 2830 -7.59892 
 2831 -7.63622 
 2832 -7.68245 
 2833 -7.62307 
 2834 -7.60652 
 2835 -7.59767 
 2836 -7.61965 
 2837 -7.51785 
 2838 -7.59204 
 2839 -7.63807 
 2840 -7.68837 
 2841 -7.62229 
 2842 -7.60503 
 2843 -7.58114 
 2844 -7.5295 
 2845 -7.54041 
 2846 -7.53823 
 2847 -7.51876 
 2848 -7.47715 
 2849 -7.47265 
 2850 -7.63402 
 2851 -7.65258 
 2852 -7.56381 
 2853 -7.57507 
 2854 -7.50566 
 2855 -7.509 
 2856 -7.61356 
 2857 -7.57153 
 2858 -7.51156 
 2859 -7.51712 
 2860 -7.57071 
 2861 -7.70305 
 2862 -7.63953 
 2863 -7.55507 
 2864 -7.56653 
 2865 -7.60972 
 2866 -7.61584 
 2867 -7.63355 
 2868 -7.6825 
 2869 -7.69349 
 2870 -7.66748 
 2871 -7.68556 
 2872 -7.68076 
 2873 -7.69704 
 2874 -7.63831 
 2875 -7.65937 
 2876 -7.70964 
 2877 -7.66796 
 2878 -7.67761 
 2879 -7.56464 
 2880 -7.55577 
 2881 -7.54668 
 2882 -7.60567 
 2883 -7.59618 
 2884 -7.6155 
 2885 -7.56833 
 2886 -7.58317 
 2887 -7.64551 
 2888 -7.66941 
 2889 -7.61155 
 2890 -7.61706 
 2891 -7.66063 
 2892 -7.58597 
 2893 -7.59828 
 2894 -7.57958 
 2895 -7.51112 
 2896 -7.43523 
 2897 -7.41793 
 2898 -7.42319 
 2899 -7.44304 
 2900 -7.47783 
 2901 -7.48995 
 2902 -7.46174 
 2903 -7.47867 
 2904 -7.51308 
 2905 -7.53302 
 2906 -7.43497 
 2907 -7.41898 
 2908 -7.41138 
 2909 -7.468 
 2910 -7.60933 
 2911 -7.61543 
 2912 -7.58944 
 2913 -7.62139 
 2914 -7.63083 
 2915 -7.71045 
 2916 -7.64502 
 2917 -7.6629 
 2918 -7.60567 
 2919 -7.64506 
 2920 -7.67151 
 2921 -7.61568 
 2922 -7.57336 
 2923 -7.54499 
 2924 -7.49329 
 2925 -7.52023 
 2926 -7.50887 
 2927 -7.52365 
 2928 -7.50401 
 2929 -7.46501 
 2930 -7.43869 
 2931 -7.47074 
 2932 -7.46888 
 2933 -7.55729 
 2934 -7.56927 
 2935 -7.47484 
 2936 -7.53676 
 2937 -7.41394 
 2938 -7.43471 
 2939 -7.46055 
 2940 -7.54618 
 2941 -7.6035 
 2942 -7.56785 
 2943 -7.54381 
 2944 -7.56794 
 2945 -7.57959 
 2946 -7.46778 
 2947 -7.55272 
 2948 -7.56232 
 2949 -7.60109 
 2950 -7.66183 
 2951 -7.59587 
 2952 -7.57133 
 2953 -7.53744 
 2954 -7.53604 
 2955 -7.47755 
 2956 -7.44889 
 2957 -7.53711 
 2958 -7.5193 
 2959 -7.52749 
 2960 -7.58769 
 2961 -7.5699 
 2962 -7.60529 
 2963 -7.61605 
 2964 -7.62398 
 2965 -7.65369 
 2966 -7.58298 
 2967 -7.65197 
 2968 -7.6816 
 2969 -7.68811 
 2970 -7.63381 
 2971 -7.56609 
 2972 -7.48851 
 2973 -7.4404 
 2974 -7.41484 
 2975 -7.33919 
 2976 -7.47792 
 2977 -7.5063 
 2978 -7.55902 
 2979 -7.53845 
 2980 -7.6101 
 2981 -7.67036 
 2982 -7.65935 
 2983 -7.60585 
 2984 -7.636 
 2985 -7.51688 
 2986 -7.50058 
 2987 -7.5255 
 2988 -7.48186 
 2989 -7.55279 
 2990 -7.53568 
 2991 -7.51699 
 2992 -7.57659 
 2993 -7.59798 
 2994 -7.62911 
 2995 -7.67146 
 2996 -7.64066 
 2997 -7.60774 
 2998 -7.55449 
 2999 -7.43921 
 3000 -7.51241 
 3001 -7.42016 
 3002 -7.41975 
 3003 -7.47188 
 3004 -7.47642 
 3005 -7.49706 
 3006 -7.43558 
 3007 -7.41688 
 3008 -7.4562 
 3009 -7.4736 
 3010 -7.4593 
 3011 -7.41374 
 3012 -7.36591 
 3013 -7.47096 
 3014 -7.4015 
 3015 -7.42472 
 3016 -7.47249 
 3017 -7.44442 
 3018 -7.43159 
 3019 -7.42871 
 3020 -7.46252 
 3021 -7.49168 
 3022 -7.44219 
 3023 -7.58289 
 3024 -7.61982 
 3025 -7.62964 
 3026 -7.6252 
 3027 -7.65666 
 3028 -7.62452 
 3029 -7.61989 
 3030 -7.48717 
 3031 -7.50851 
 3032 -7.62032 
 3033 -7.61033 
 3034 -7.60693 
 3035 -7.57201 
 3036 -7.64287 
 3037 -7.57912 
 3038 -7.49304 
 3039 -7.56974 
 3040 -7.60895 
 3041 -7.55642 
 3042 -7.60588 
 3043 -7.53054 
 3044 -7.56117 
 3045 -7.51047 
 3046 -7.57747 
 3047 -7.56905 
 3048 -7.59538 
 3049 -7.43425 
 3050 -7.48855 
 3051 -7.48822 
 3052 -7.47149 
 3053 -7.41255 
 3054 -7.39211 
 3055 -7.41135 
 3056 -7.37615 
 3057 -7.42122 
 3058 -7.36136 
 3059 -7.47357 
 3060 -7.47926 
 3061 -7.47878 
 3062 -7.57555 
 3063 -7.50474 
 3064 -7.55241 
 3065 -7.55152 
 3066 -7.54086 
 3067 -7.57634 
 3068 -7.53724 
 3069 -7.60254 
 3070 -7.60065 
 3071 -7.56814 
 3072 -7.55448 
 3073 -7.60818 
 3074 -7.53926 
 3075 -7.5316 
 3076 -7.52559 
 3077 -7.53154 
 3078 -7.55113 
 3079 -7.58915 
 3080 -7.5747 
 3081 -7.62295 
 3082 -7.61019 
 3083 -7.58709 
 3084 -7.68692 
 3085 -7.62993 
 3086 -7.63731 
 3087 -7.6297 
 3088 -7.60527 
 3089 -7.67237 
 3090 -7.67148 
 3091 -7.54231 
 3092 -7.56651 
 3093 -7.52522 
 3094 -7.519 
 3095 -7.55947 
 3096 -7.62365 
 3097 -7.53252 
 3098 -7.63432 
 3099 -7.60712 
 3100 -7.62179 
 3101 -7.57667 
 3102 -7.6028 
 3103 -7.55381 
 3104 -7.56491 
 3105 -7.57538 
 3106 -7.63854 
 3107 -7.56969 
 3108 -7.53112 
 3109 -7.58276 
 3110 -7.56067 
 3111 -7.53612 
 3112 -7.53133 
 3113 -7.60479 
 3114 -7.53144 
 3115 -7.50941 
 3116 -7.49686 
 3117 -7.50318 
 3118 -7.54732 
 3119 -7.51432 
 3120 -7.54606 
 3121 -7.52505 
 3122 -7.51447 
 3123 -7.57475 
 3124 -7.61181 
 3125 -7.72318 
 3126 -7.68226 
 3127 -7.70485 
 3128 -7.71587 
 3129 -7.73054 
 3130 -7.67374 
 3131 -7.65214 
 3132 -7.5554 
 3133 -7.58255 
 3134 -7.59648 
 3135 -7.59733 
 3136 -7.51633 
 3137 -7.59297 
 3138 -7.6484 
 3139 -7.56648 
 3140 -7.57135 
 3141 -7.5384 
 3142 -7.51009 
 3143 -7.4749 
 3144 -7.55428 
 3145 -7.54979 
 3146 -7.54791 
 3147 -7.62263 
 3148 -7.62608 
 3149 -7.62156 
 3150 -7.64695 
 3151 -7.57328 
 3152 -7.58531 
 3153 -7.53439 
 3154 -7.48212 
 3155 -7.47889 
 3156 -7.5112 
 3157 -7.47341 
 3158 -7.47347 
 3159 -7.58197 
 3160 -7.61119 
 3161 -7.53024 
 3162 -7.5202 
 3163 -7.55767 
 3164 -7.47533 
 3165 -7.40686 
 3166 -7.38002 
 3167 -7.35156 
 3168 -7.4239 
 3169 -7.43931 
 3170 -7.52485 
 3171 -7.53471 
 3172 -7.59537 
 3173 -7.5215 
 3174 -7.50637 
 3175 -7.51323 
 3176 -7.48728 
 3177 -7.4772 
 3178 -7.50661 
 3179 -7.52574 
 3180 -7.5135 
 3181 -7.49952 
 3182 -7.49307 
 3183 -7.59214 
 3184 -7.51249 
 3185 -7.51611 
 3186 -7.53481 
 3187 -7.51508 
 3188 -7.48039 
 3189 -7.47648 
 3190 -7.53775 
 3191 -7.51855 
 3192 -7.53015 
 3193 -7.46062 
 3194 -7.48585 
 3195 -7.43135 
 3196 -7.40731 
 3197 -7.46122 
 3198 -7.5098 
 3199 -7.47226 
 3200 -7.57436 
 3201 -7.45038 
 3202 -7.47034 
 3203 -7.5168 
 3204 -7.47395 
 3205 -7.37878 
 3206 -7.42134 
 3207 -7.50362 
 3208 -7.38535 
 3209 -7.46019 
 3210 -7.43961 
 3211 -7.45255 
 3212 -7.42408 
 3213 -7.43981 
 3214 -7.43301 
 3215 -7.49169 
 3216 -7.40706 
 3217 -7.42764 
 3218 -7.46073 
 3219 -7.43346 
 3220 -7.49887 
 3221 -7.50393 
 3222 -7.48487 
 3223 -7.48479 
 3224 -7.49587 
 3225 -7.51211 
 3226 -7.54493 
 3227 -7.52663 
 3228 -7.48022 
 3229 -7.45873 
 3230 -7.44877 
 3231 -7.40589 
 3232 -7.42985 
 3233 -7.37662 
 3234 -7.42684 
 3235 -7.44483 
 3236 -7.42898 
 3237 -7.45884 
 3238 -7.48084 
 3239 -7.54839 
 3240 -7.56441 
 3241 -7.62619 
 3242 -7.55989 
 3243 -7.67278 
 3244 -7.66181 
 3245 -7.56923 
 3246 -7.56333 
 3247 -7.59641 
 3248 -7.58484 
 3249 -7.47157 
 3250 -7.51766 
 3251 -7.52793 
 3252 -7.45545 
 3253 -7.45237 
 3254 -7.47113 
 3255 -7.56132 
 3256 -7.63342 
 3257 -7.63701 
 3258 -7.56303 
 3259 -7.58898 
 3260 -7.58723 
 3261 -7.5941 
 3262 -7.55364 
 3263 -7.51378 
 3264 -7.50535 
 3265 -7.54089 
 3266 -7.51611 
 3267 -7.59225 
 3268 -7.56543 
 3269 -7.57553 
 3270 -7.55116 
 3271 -7.54884 
 3272 -7.44434 
 3273 -7.51203 
 3274 -7.52907 
 3275 -7.54372 
 3276 -7.59458 
 3277 -7.58526 
 3278 -7.59982 
 3279 -7.60252 
 3280 -7.53332 
 3281 -7.48877 
 3282 -7.52664 
 3283 -7.52182 
 3284 -7.47672 
 3285 -7.41046 
 3286 -7.46063 
 3287 -7.55617 
 3288 -7.57547 
 3289 -7.56568 
 3290 -7.60973 
 3291 -7.50612 
 3292 -7.47742 
 3293 -7.45068 
 3294 -7.44718 
 3295 -7.46113 
 3296 -7.46416 
 3297 -7.47875 
 3298 -7.51191 
 3299 -7.49077 
 3300 -7.54036 
 3301 -7.58329 
 3302 -7.56821 
 3303 -7.56156 
 3304 -7.55331 
 3305 -7.51684 
 3306 -7.46409 
 3307 -7.55016 
 3308 -7.57687 
 3309 -7.54471 
 3310 -7.61517 
 3311 -7.62513 
 3312 -7.57617 
 3313 -7.45221 
 3314 -7.45324 
 3315 -7.46606 
 3316 -7.52635 
 3317 -7.51957 
 3318 -7.53589 
 3319 -7.55311 
 3320 -7.56016 
 3321 -7.57736 
 3322 -7.67724 
 3323 -7.61521 
 3324 -7.66002 
 3325 -7.5757 
 3326 -7.58529 
 3327 -7.62872 
 3328 -7.6824 
 3329 -7.67472 
 3330 -7.59637 
 3331 -7.57113 
 3332 -7.54512 
 3333 -7.55227 
 3334 -7.55459 
 3335 -7.57209 
 3336 -7.57658 
 3337 -7.60882 
 3338 -7.67448 
 3339 -7.69037 
 3340 -7.59635 
 3341 -7.49728 
 3342 -7.38136 
 3343 -7.47694 
 3344 -7.46964 
 3345 -7.48118 
 3346 -7.44221 
 3347 -7.42247 
 3348 -7.39924 
 3349 -7.41483 
 3350 -7.37737 
 3351 -7.32965 
 3352 -7.42878 
 3353 -7.36367 
 3354 -7.41804 
 3355 -7.43941 
 3356 -7.48613 
 3357 -7.58029 
 3358 -7.5141 
 3359 -7.55892 
 3360 -7.48282 
 3361 -7.4836 
 3362 -7.55313 
 3363 -7.49099 
 3364 -7.4742 
 3365 -7.40672 
 3366 -7.39743 
 3367 -7.4608 
 3368 -7.5017 
 3369 -7.51034 
 3370 -7.48599 
 3371 -7.48402 
 3372 -7.49328 
 3373 -7.56124 
 3374 -7.52036 
 3375 -7.59661 
 3376 -7.53776 
 3377 -7.60598 
 3378 -7.58045 
 3379 -7.55482 
 3380 -7.55214 
 3381 -7.60019 
 3382 -7.5043 
 3383 -7.51628 
 3384 -7.41172 
 3385 -7.37181 
 3386 -7.36573 
 3387 -7.4575 
 3388 -7.53278 
 3389 -7.60941 
 3390 -7.67125 
 3391 -7.66754 
 3392 -7.62446 
 3393 -7.51288 
 3394 -7.54698 
 3395 -7.54222 
 3396 -7.5689 
 3397 -7.57364 
 3398 -7.54574 
 3399 -7.54834 
 3400 -7.60198 
 3401 -7.54508 
 3402 -7.59099 
 3403 -7.58321 
 3404 -7.68427 
 3405 -7.63595 
 3406 -7.6268 
 3407 -7.69982 
 3408 -7.67989 
 3409 -7.61284 
 3410 -7.61652 
 3411 -7.64149 
 3412 -7.6303 
 3413 -7.65233 
 3414 -7.62708 
 3415 -7.62805 
 3416 -7.65015 
 3417 -7.73381 
 3418 -7.67349 
 3419 -7.64055 
 3420 -7.59081 
 3421 -7.58365 
 3422 -7.61569 
 3423 -7.58691 
 3424 -7.4924 
 3425 -7.52851 
 3426 -7.52434 
 3427 -7.53955 
 3428 -7.58068 
 3429 -7.60827 
 3430 -7.70743 
 3431 -7.68894 
 3432 -7.7183 
 3433 -7.68261 
 3434 -7.69395 
 3435 -7.6449 
 3436 -7.61329 
 3437 -7.66716 
 3438 -7.7067 
 3439 -7.56152 
 3440 -7.53161 
 3441 -7.44812 
 3442 -7.55011 
 3443 -7.55523 
 3444 -7.57793 
 3445 -7.56541 
 3446 -7.60405 
 3447 -7.63834 
 3448 -7.65414 
 3449 -7.52713 
 3450 -7.51281 
 3451 -7.50754 
 3452 -7.54185 
 3453 -7.4971 
 3454 -7.54542 
 3455 -7.51432 
 3456 -7.5298 
 3457 -7.55465 
 3458 -7.5312 
 3459 -7.57241 
 3460 -7.56788 
 3461 -7.60508 
 3462 -7.53911 
 3463 -7.4468 
 3464 -7.47099 
 3465 -7.46972 
 3466 -7.47616 
 3467 -7.46178 
 3468 -7.49494 
 3469 -7.48948 
 3470 -7.44076 
 3471 -7.5061 
 3472 -7.5584 
 3473 -7.53847 
 3474 -7.45465 
 3475 -7.54674 
 3476 -7.52786 
 3477 -7.54776 
 3478 -7.55974 
 3479 -7.53128 
 3480 -7.52166 
 3481 -7.52889 
 3482 -7.56374 
 3483 -7.49538 
 3484 -7.50586 
 3485 -7.55926 
 3486 -7.57534 
 3487 -7.56947 
 3488 -7.57213 
 3489 -7.56466 
 3490 -7.55734 
 3491 -7.58419 
 3492 -7.50748 
 3493 -7.52636 
 3494 -7.54255 
 3495 -7.5157 
 3496 -7.44888 
 3497 -7.52694 
 3498 -7.55075 
 3499 -7.4836 
 3500 -7.48231 
 3501 -7.46868 
 3502 -7.46154 
 3503 -7.48656 
 3504 -7.50656 
 3505 -7.54881 
 3506 -7.48449 
 3507 -7.54508 
 3508 -7.4825 
 3509 -7.42096 
 3510 -7.52516 
 3511 -7.50119 
 3512 -7.4506 
 3513 -7.42009 
 3514 -7.4299 
 3515 -7.52265 
 3516 -7.54117 
 3517 -7.43925 
 3518 -7.58796 
 3519 -7.63831 
 3520 -7.63829 
 3521 -7.63058 
 3522 -7.54745 
 3523 -7.57703 
 3524 -7.587 
 3525 -7.63487 
 3526 -7.53126 
 3527 -7.53653 
 3528 -7.53623 
 3529 -7.57681 
 3530 -7.52715 
 3531 -7.494 
 3532 -7.53205 
 3533 -7.59119 
 3534 -7.55379 
 3535 -7.54854 
 3536 -7.51258 
 3537 -7.53339 
 3538 -7.50758 
 3539 -7.47937 
 3540 -7.56012 
 3541 -7.48254 
 3542 -7.49477 
 3543 -7.50651 
 3544 -7.57672 
 3545 -7.59926 
 3546 -7.56909 
 3547 -7.59565 
 3548 -7.56855 
 3549 -7.6137 
 3550 -7.49812 
 3551 -7.48268 
 3552 -7.50706 
 3553 -7.52969 
 3554 -7.65839 
 3555 -7.62888 
 3556 -7.63681 
 3557 -7.70905 
 3558 -7.68984 
 3559 -7.69494 
 3560 -7.69205 
 3561 -7.72347 
 3562 -7.74231 
 3563 -7.6627 
 3564 -7.70606 
 3565 -7.64965 
 3566 -7.62376 
 3567 -7.50131 
 3568 -7.48449 
 3569 -7.46213 
 3570 -7.50836 
 3571 -7.55553 
 3572 -7.5718 
 3573 -7.55972 
 3574 -7.5276 
 3575 -7.56936 
 3576 -7.55117 
 3577 -7.48949 
 3578 -7.54862 
 3579 -7.59045 
 3580 -7.61464 
 3581 -7.52896 
 3582 -7.52137 
 3583 -7.49961 
 3584 -7.49009 
 3585 -7.56748 
 3586 -7.65256 
 3587 -7.65511 
 3588 -7.66108 
 3589 -7.68648 
 3590 -7.70068 
 3591 -7.74388 
 3592 -7.6429 
 3593 -7.60843 
 3594 -7.71618 
 3595 -7.69943 
 3596 -7.69428 
 3597 -7.67414 
 3598 -7.62155 
 3599 -7.6928 
 3600 -7.62194 
 3601 -7.62715 
 3602 -7.65833 
 3603 -7.65006 
 3604 -7.72527 
 3605 -7.80981 
 3606 -7.7306 
 3607 -7.77958 
 3608 -7.74165 
 3609 -7.82462 
 3610 -7.86111 
 3611 -7.79168 
 3612 -7.70469 
 3613 -7.67886 
 3614 -7.54898 
 3615 -7.58639 
 3616 -7.60461 
 3617 -7.57441 
 3618 -7.52442 
 3619 -7.54683 
 3620 -7.51135 
 3621 -7.51303 
 3622 -7.4368 
 3623 -7.50064 
 3624 -7.56365 
 3625 -7.56532 
 3626 -7.5227 
 3627 -7.5724 
 3628 -7.5797 
 3629 -7.60317 
 3630 -7.73156 
 3631 -7.76464 
 3632 -7.75134 
 3633 -7.63219 
 3634 -7.59413 
 3635 -7.56153 
 3636 -7.64477 
 3637 -7.68414 
 3638 -7.65575 
 3639 -7.61077 
 3640 -7.59283 
 3641 -7.666 
 3642 -7.61797 
 3643 -7.56481 
 3644 -7.62829 
 3645 -7.66156 
 3646 -7.66254 
 3647 -7.5397 
 3648 -7.58384 
 3649 -7.64245 
 3650 -7.6632 
 3651 -7.73747 
 3652 -7.66574 
 3653 -7.65202 
 3654 -7.66442 
 3655 -7.64743 
 3656 -7.64805 
 3657 -7.65824 
 3658 -7.69957 
 3659 -7.64212 
 3660 -7.64087 
 3661 -7.59521 
 3662 -7.57574 
 3663 -7.57032 
 3664 -7.59269 
 3665 -7.58674 
 3666 -7.56713 
 3667 -7.56011 
 3668 -7.58575 
 3669 -7.54053 
 3670 -7.54328 
 3671 -7.57676 
 3672 -7.56797 
 3673 -7.51869 
 3674 -7.52202 
 3675 -7.56607 
 3676 -7.56484 
 3677 -7.5363 
 3678 -7.63818 
 3679 -7.59573 
 3680 -7.60118 
 3681 -7.68783 
 3682 -7.6834 
 3683 -7.67772 
 3684 -7.65661 
 3685 -7.69346 
 3686 -7.71185 
 3687 -7.66696 
 3688 -7.6066 
 3689 -7.67411 
 3690 -7.69424 
 3691 -7.68208 
 3692 -7.59589 
 3693 -7.65663 
 3694 -7.66131 
 3695 -7.63323 
 3696 -7.6658 
 3697 -7.61761 
 3698 -7.50592 
 3699 -7.48199 
 3700 -7.56894 
 3701 -7.61347 
 3702 -7.67765 
 3703 -7.68351 
 3704 -7.68221 
 3705 -7.69776 
 3706 -7.70722 
 3707 -7.74773 
 3708 -7.73715 
 3709 -7.71873 
 3710 -7.71173 
 3711 -7.67048 
 3712 -7.70027 
 3713 -7.67634 
 3714 -7.65276 
 3715 -7.668 
 3716 -7.65385 
 3717 -7.69049 
 3718 -7.6349 
 3719 -7.62739 
 3720 -7.59362 
 3721 -7.57141 
 3722 -7.54859 
 3723 -7.633 
 3724 -7.60617 
 3725 -7.61259 
 3726 -7.6562 
 3727 -7.61927 
 3728 -7.63377 
 3729 -7.66831 
 3730 -7.62633 
 3731 -7.50187 
 3732 -7.49122 
 3733 -7.48276 
 3734 -7.49661 
 3735 -7.55802 
 3736 -7.55238 
 3737 -7.57194 
 3738 -7.62569 
 3739 -7.58353 
 3740 -7.64565 
 3741 -7.73414 
 3742 -7.67245 
 3743 -7.72316 
 3744 -7.64717 
 3745 -7.64339 
 3746 -7.66044 
 3747 -7.62678 
 3748 -7.54429 
 3749 -7.5686 
 3750 -7.65293 
 3751 -7.57658 
 3752 -7.59488 
 3753 -7.55884 
 3754 -7.48224 
 3755 -7.46951 
 3756 -7.59139 
 3757 -7.55366 
 3758 -7.54675 
 3759 -7.61472 
 3760 -7.59301 
 3761 -7.62973 
 3762 -7.65277 
 3763 -7.65761 
 3764 -7.65752 
 3765 -7.65539 
 3766 -7.68499 
 3767 -7.66621 
 3768 -7.65382 
 3769 -7.69456 
 3770 -7.70276 
 3771 -7.61574 
 3772 -7.60695 
 3773 -7.57965 
 3774 -7.61414 
 3775 -7.51945 
 3776 -7.58441 
 3777 -7.59813 
 3778 -7.51319 
 3779 -7.54371 
 3780 -7.55106 
 3781 -7.53046 
 3782 -7.50542 
 3783 -7.51987 
 3784 -7.53674 
 3785 -7.43576 
 3786 -7.38449 
 3787 -7.5464 
 3788 -7.6298 
 3789 -7.67263 
 3790 -7.59465 
 3791 -7.60105 
 3792 -7.63403 
 3793 -7.66329 
 3794 -7.74276 
 3795 -7.76468 
 3796 -7.75368 
 3797 -7.69644 
 3798 -7.68454 
 3799 -7.71203 
 3800 -7.68261 
 3801 -7.61979 
 3802 -7.61196 
 3803 -7.61485 
 3804 -7.65241 
 3805 -7.60981 
 3806 -7.58157 
 3807 -7.57112 
 3808 -7.52709 
 3809 -7.60777 
 3810 -7.62978 
 3811 -7.56667 
 3812 -7.47118 
 3813 -7.44596 
 3814 -7.37147 
 3815 -7.37866 
 3816 -7.2944 
 3817 -7.41857 
 3818 -7.42052 
 3819 -7.38582 
 3820 -7.42801 
 3821 -7.39857 
 3822 -7.47725 
 3823 -7.51971 
 3824 -7.52901 
 3825 -7.49563 
 3826 -7.52437 
 3827 -7.54613 
 3828 -7.55869 
 3829 -7.58097 
 3830 -7.62906 
 3831 -7.65644 
 3832 -7.63466 
 3833 -7.63202 
 3834 -7.5525 
 3835 -7.51773 
 3836 -7.50517 
 3837 -7.52463 
 3838 -7.57905 
 3839 -7.60506 
 3840 -7.57488 
 3841 -7.57161 
 3842 -7.60313 
 3843 -7.52081 
 3844 -7.61664 
 3845 -7.61704 
 3846 -7.66373 
 3847 -7.56328 
 3848 -7.60477 
 3849 -7.66348 
 3850 -7.63636 
 3851 -7.63016 
 3852 -7.57689 
 3853 -7.59666 
 3854 -7.63059 
 3855 -7.62465 
 3856 -7.6053 
 3857 -7.60068 
 3858 -7.65799 
 3859 -7.65356 
 3860 -7.71536 
 3861 -7.73053 
 3862 -7.67063 
 3863 -7.64443 
 3864 -7.64394 
 3865 -7.66108 
 3866 -7.65906 
 3867 -7.63709 
 3868 -7.6387 
 3869 -7.67867 
 3870 -7.66492 
 3871 -7.69191 
 3872 -7.70097 
 3873 -7.70444 
 3874 -7.69589 
 3875 -7.68646 
 3876 -7.63663 
 3877 -7.62505 
 3878 -7.63774 
 3879 -7.70923 
 3880 -7.7455 
 3881 -7.70671 
 3882 -7.6391 
 3883 -7.64458 
 3884 -7.57755 
 3885 -7.49898 
 3886 -7.51694 
 3887 -7.5285 
 3888 -7.46753 
 3889 -7.55265 
 3890 -7.54892 
 3891 -7.50806 
 3892 -7.59713 
 3893 -7.55596 
 3894 -7.52827 
 3895 -7.53593 
 3896 -7.53307 
 3897 -7.56649 
 3898 -7.52599 
 3899 -7.58359 
 3900 -7.66608 
 3901 -7.64692 
 3902 -7.67628 
 3903 -7.69799 
 3904 -7.73492 
 3905 -7.70682 
 3906 -7.67043 
 3907 -7.56079 
 3908 -7.56417 
 3909 -7.58894 
 3910 -7.60207 
 3911 -7.59578 
 3912 -7.57073 
 3913 -7.5253 
 3914 -7.5802 
 3915 -7.65106 
 3916 -7.58012 
 3917 -7.63857 
 3918 -7.65813 
 3919 -7.5677 
 3920 -7.57312 
 3921 -7.57806 
 3922 -7.61781 
 3923 -7.54678 
 3924 -7.50091 
 3925 -7.52074 
 3926 -7.4802 
 3927 -7.51432 
 3928 -7.46452 
 3929 -7.41385 
 3930 -7.43354 
 3931 -7.53598 
 3932 -7.53989 
 3933 -7.6234 
 3934 -7.58928 
 3935 -7.43473 
 3936 -7.44654 
 3937 -7.49892 
 3938 -7.55708 
 3939 -7.53618 
 3940 -7.5116 
 3941 -7.49004 
 3942 -7.45421 
 3943 -7.44267 
 3944 -7.45378 
 3945 -7.42318 
 3946 -7.42873 
 3947 -7.44237 
 3948 -7.3737 
 3949 -7.43273 
 3950 -7.54738 
 3951 -7.55655 
 3952 -7.49952 
 3953 -7.51819 
 3954 -7.59682 
 3955 -7.55058 
 3956 -7.61188 
 3957 -7.5787 
 3958 -7.59286 
 3959 -7.6641 
 3960 -7.75953 
 3961 -7.75764 
 3962 -7.75588 
 3963 -7.6978 
 3964 -7.68119 
 3965 -7.64991 
 3966 -7.7122 
 3967 -7.70953 
 3968 -7.66977 
 3969 -7.64395 
 3970 -7.66076 
 3971 -7.61948 
 3972 -7.58386 
 3973 -7.58337 
 3974 -7.58445 
 3975 -7.55719 
 3976 -7.50875 
 3977 -7.56944 
 3978 -7.54098 
 3979 -7.53232 
 3980 -7.50147 
 3981 -7.51687 
 3982 -7.51842 
 3983 -7.59015 
 3984 -7.57852 
 3985 -7.60825 
 3986 -7.62936 
 3987 -7.53518 
 3988 -7.54881 
 3989 -7.6266 
 3990 -7.61255 
 3991 -7.69641 
 3992 -7.73821 
 3993 -7.69416 
 3994 -7.67785 
 3995 -7.61433 
 3996 -7.49069 
 3997 -7.49173 
 3998 -7.55277 
 3999 -7.42925 
 4000 -7.45644 
 4001 -7.47279 
 4002 -7.46057 
 4003 -7.56139 
 4004 -7.54178 
 4005 -7.5192 
 4006 -7.57344 
 4007 -7.56907 
 4008 -7.50406 
 4009 -7.55821 
 4010 -7.57179 
 4011 -7.57985 
 4012 -7.54832 
 4013 -7.54675 
 4014 -7.55849 
 4015 -7.59238 
 4016 -7.67775 
 4017 -7.70702 
 4018 -7.66959 
 4019 -7.65981 
 4020 -7.67621 
 4021 -7.61723 
 4022 -7.53037 
 4023 -7.56833 
 4024 -7.67291 
 4025 -7.62396 
 4026 -7.63324 
 4027 -7.6207 
 4028 -7.60841 
 4029 -7.66697 
 4030 -7.52417 
 4031 -7.53589 
 4032 -7.56496 
 4033 -7.55338 
 4034 -7.54194 
 4035 -7.53847 
 4036 -7.51735 
 4037 -7.52996 
 4038 -7.54559 
 4039 -7.54542 
 4040 -7.51548 
 4041 -7.50065 
 4042 -7.49512 
 4043 -7.44315 
 4044 -7.46115 
 4045 -7.49302 
 4046 -7.50996 
 4047 -7.45224 
 4048 -7.41606 
 4049 -7.4922 
 4050 -7.51937 
 4051 -7.60804 
 4052 -7.57598 
 4053 -7.57247 
 4054 -7.64856 
 4055 -7.64735 
 4056 -7.58341 
 4057 -7.54879 
 4058 -7.5334 
 4059 -7.49479 
 4060 -7.55418 
 4061 -7.58739 
 4062 -7.54829 
 4063 -7.60345 
 4064 -7.53391 
 4065 -7.43838 
 4066 -7.41355 
 4067 -7.42271 
 4068 -7.46058 
 4069 -7.45293 
 4070 -7.44317 
 4071 -7.47271 
 4072 -7.46786 
 4073 -7.48628 
 4074 -7.48025 
 4075 -7.53236 
 4076 -7.52903 
 4077 -7.50294 
 4078 -7.50178 
 4079 -7.54133 
 4080 -7.51237 
 4081 -7.56575 
 4082 -7.6306 
 4083 -7.62086 
 4084 -7.52058 
 4085 -7.49208 
 4086 -7.39632 
 4087 -7.3408 
 4088 -7.43533 
 4089 -7.47644 
 4090 -7.54463 
 4091 -7.48767 
 4092 -7.4732 
 4093 -7.45933 
 4094 -7.50215 
 4095 -7.49945 
 4096 -7.46151 
 4097 -7.44687 
 4098 -7.36204 
 4099 -7.45964 
 4100 -7.46654 
 4101 -7.46247 
 4102 -7.50386 
 4103 -7.50865 
 4104 -7.56869 
 4105 -7.59665 
 4106 -7.51928 
 4107 -7.477 
 4108 -7.46827 
 4109 -7.39674 
 4110 -7.46457 
 4111 -7.47559 
 4112 -7.49608 
 4113 -7.47316 
 4114 -7.40726 
 4115 -7.45695 
 4116 -7.45886 
 4117 -7.38864 
 4118 -7.43683 
 4119 -7.45287 
 4120 -7.35068 
 4121 -7.36502 
 4122 -7.37902 
 4123 -7.4055 
 4124 -7.4064 
 4125 -7.52845 
 4126 -7.4818 
 4127 -7.44914 
 4128 -7.37629 
 4129 -7.35536 
 4130 -7.3363 
 4131 -7.39007 
 4132 -7.43804 
 4133 -7.48133 
 4134 -7.49048 
 4135 -7.46929 
 4136 -7.49534 
 4137 -7.59168 
 4138 -7.58522 
 4139 -7.55792 
 4140 -7.44749 
 4141 -7.4842 
 4142 -7.48787 
 4143 -7.56619 
 4144 -7.62763 
 4145 -7.61075 
 4146 -7.56302 
 4147 -7.57528 
 4148 -7.57123 
 4149 -7.62816 
 4150 -7.66506 
 4151 -7.67797 
 4152 -7.68258 
 4153 -7.69252 
 4154 -7.63372 
 4155 -7.64399 
 4156 -7.58824 
 4157 -7.54272 
 4158 -7.52378 
 4159 -7.64391 
 4160 -7.61217 
 4161 -7.65911 
 4162 -7.65882 
 4163 -7.665 
 4164 -7.66449 
 4165 -7.69137 
 4166 -7.67829 
 4167 -7.58404 
 4168 -7.64146 
 4169 -7.64123 
 4170 -7.63095 
 4171 -7.55011 
 4172 -7.58901 
 4173 -7.57124 
 4174 -7.5456 
 4175 -7.5185 
 4176 -7.47096 
 4177 -7.4355 
 4178 -7.48447 
 4179 -7.54115 
 4180 -7.48771 
 4181 -7.46907 
 4182 -7.50768 
 4183 -7.42375 
 4184 -7.44061 
 4185 -7.32363 
 4186 -7.38484 
 4187 -7.36213 
 4188 -7.44938 
 4189 -7.50477 
 4190 -7.53758 
 4191 -7.53144 
 4192 -7.56512 
 4193 -7.54714 
 4194 -7.51326 
 4195 -7.54767 
 4196 -7.55898 
 4197 -7.60077 
 4198 -7.57186 
 4199 -7.62589 
 4200 -7.70205 
 4201 -7.6821 
 4202 -7.62032 
 4203 -7.61025 
 4204 -7.62842 
 4205 -7.6656 
 4206 -7.61246 
 4207 -7.61627 
 4208 -7.69674 
 4209 -7.61003 
 4210 -7.60077 
 4211 -7.62415 
 4212 -7.5615 
 4213 -7.59604 
 4214 -7.58471 
 4215 -7.56128 
 4216 -7.64757 
 4217 -7.59628 
 4218 -7.64584 
 4219 -7.68721 
 4220 -7.65765 
 4221 -7.6297 
 4222 -7.59606 
 4223 -7.54923 
 4224 -7.50856 
 4225 -7.53413 
 4226 -7.50798 
 4227 -7.60292 
 4228 -7.64009 
 4229 -7.61963 
 4230 -7.65123 
 4231 -7.58588 
 4232 -7.57689 
 4233 -7.56796 
 4234 -7.59203 
 4235 -7.60464 
 4236 -7.60116 
 4237 -7.63129 
 4238 -7.61643 
 4239 -7.56252 
 4240 -7.55506 
 4241 -7.64244 
 4242 -7.66518 
 4243 -7.68012 
 4244 -7.72137 
 4245 -7.67332 
 4246 -7.71209 
 4247 -7.64105 
 4248 -7.62196 
 4249 -7.64187 
 4250 -7.61123 
 4251 -7.64403 
 4252 -7.59571 
 4253 -7.68797 
 4254 -7.68713 
 4255 -7.7669 
 4256 -7.766 
 4257 -7.73544 
 4258 -7.74388 
 4259 -7.70979 
 4260 -7.59669 
 4261 -7.63195 
 4262 -7.68771 
 4263 -7.73691 
 4264 -7.72072 
 4265 -7.62781 
 4266 -7.66212 
 4267 -7.66791 
 4268 -7.62143 
 4269 -7.56965 
 4270 -7.57382 
 4271 -7.59819 
 4272 -7.58217 
 4273 -7.56112 
 4274 -7.54698 
 4275 -7.52 
 4276 -7.4953 
 4277 -7.51952 
 4278 -7.52122 
 4279 -7.49226 
 4280 -7.48108 
 4281 -7.45975 
 4282 -7.46424 
 4283 -7.44522 
 4284 -7.53294 
 4285 -7.5525 
 4286 -7.5301 
 4287 -7.54098 
 4288 -7.5668 
 4289 -7.6284 
 4290 -7.64161 
 4291 -7.61839 
 4292 -7.52687 
 4293 -7.57067 
 4294 -7.60488 
 4295 -7.59878 
 4296 -7.56704 
 4297 -7.54436 
 4298 -7.53653 
 4299 -7.60857 
 4300 -7.57834 
 4301 -7.50965 
 4302 -7.49631 
 4303 -7.48136 
 4304 -7.52708 
 4305 -7.50591 
 4306 -7.45838 
 4307 -7.55366 
 4308 -7.49619 
 4309 -7.56172 
 4310 -7.52567 
 4311 -7.58469 
 4312 -7.58406 
 4313 -7.59216 
 4314 -7.60357 
 4315 -7.61065 
 4316 -7.61078 
 4317 -7.69356 
 4318 -7.66217 
 4319 -7.58274 
 4320 -7.48643 
 4321 -7.54101 
 4322 -7.46897 
 4323 -7.49241 
 4324 -7.46564 
 4325 -7.46554 
 4326 -7.59721 
 4327 -7.50764 
 4328 -7.49891 
 4329 -7.57845 
 4330 -7.53007 
 4331 -7.52674 
 4332 -7.46287 
 4333 -7.40099 
 4334 -7.50189 
 4335 -7.50788 
 4336 -7.53674 
 4337 -7.49161 
 4338 -7.54798 
 4339 -7.51199 
 4340 -7.45544 
 4341 -7.46639 
 4342 -7.49079 
 4343 -7.51068 
 4344 -7.45749 
 4345 -7.5222 
 4346 -7.46822 
 4347 -7.45625 
 4348 -7.52979 
 4349 -7.60087 
 4350 -7.63585 
 4351 -7.64054 
 4352 -7.63144 
 4353 -7.73225 
 4354 -7.67958 
 4355 -7.71896 
 4356 -7.64182 
 4357 -7.65898 
 4358 -7.58424 
 4359 -7.46848 
 4360 -7.459 
 4361 -7.50565 
 4362 -7.56049 
 4363 -7.56178 
 4364 -7.47891 
 4365 -7.46341 
 4366 -7.5065 
 4367 -7.42775 
 4368 -7.52768 
 4369 -7.58848 
 4370 -7.47763 
 4371 -7.42365 
 4372 -7.36199 
 4373 -7.45629 
 4374 -7.40096 
 4375 -7.46527 
 4376 -7.44193 
 4377 -7.42836 
 4378 -7.57166 
 4379 -7.62742 
 4380 -7.63109 
 4381 -7.61739 
 4382 -7.64784 
 4383 -7.50596 
 4384 -7.46671 
 4385 -7.5037 
 4386 -7.46116 
 4387 -7.47058 
 4388 -7.47945 
 4389 -7.48352 
 4390 -7.48484 
 4391 -7.50579 
 4392 -7.54646 
 4393 -7.51504 
 4394 -7.50168 
 4395 -7.44276 
 4396 -7.45606 
 4397 -7.43063 
 4398 -7.4589 
 4399 -7.39152 
 4400 -7.47485 
 4401 -7.58182 
 4402 -7.57912 
 4403 -7.5422 
 4404 -7.55572 
 4405 -7.47803 
 4406 -7.54589 
 4407 -7.61018 
 4408 -7.58468 
 4409 -7.55193 
 4410 -7.52373 
 4411 -7.48577 
 4412 -7.49325 
 4413 -7.56716 
 4414 -7.60963 
 4415 -7.53499 
 4416 -7.59129 
 4417 -7.56833 
 4418 -7.60936 
 4419 -7.58786 
 4420 -7.56367 
 4421 -7.57655 
 4422 -7.55928 
 4423 -7.54037 
 4424 -7.60224 
 4425 -7.54005 
 4426 -7.64589 
 4427 -7.59838 
 4428 -7.63899 
 4429 -7.61469 
 4430 -7.61121 
 4431 -7.58491 
 4432 -7.59688 
 4433 -7.65383 
 4434 -7.66317 
 4435 -7.56251 
 4436 -7.61767 
 4437 -7.63072 
 4438 -7.61865 
 4439 -7.6572 
 4440 -7.68763 
 4441 -7.67488 
 4442 -7.6327 
 4443 -7.62543 
 4444 -7.6339 
 4445 -7.6312 
 4446 -7.57033 
 4447 -7.57358 
 4448 -7.56865 
 4449 -7.52952 
 4450 -7.59556 
 4451 -7.59588 
 4452 -7.55695 
 4453 -7.52553 
 4454 -7.51126 
 4455 -7.50968 
 4456 -7.48286 
 4457 -7.53431 
 4458 -7.50693 
 4459 -7.58034 
 4460 -7.52426 
 4461 -7.42557 
 4462 -7.37702 
 4463 -7.3866 
 4464 -7.43055 
 4465 -7.47042 
 4466 -7.42601 
 4467 -7.48755 
 4468 -7.49105 
 4469 -7.5423 
 4470 -7.4859 
 4471 -7.46455 
 4472 -7.45235 
 4473 -7.53473 
 4474 -7.54898 
 4475 -7.56799 
 4476 -7.6444 
 4477 -7.6477 
 4478 -7.60359 
 4479 -7.70377 
 4480 -7.58183 
 4481 -7.58666 
 4482 -7.61047 
 4483 -7.60958 
 4484 -7.71748 
 4485 -7.69934 
 4486 -7.72035 
 4487 -7.65938 
 4488 -7.6578 
 4489 -7.71117 
 4490 -7.68824 
 4491 -7.7542 
 4492 -7.77477 
 4493 -7.78867 
 4494 -7.71781 
 4495 -7.63704 
 4496 -7.72819 
 4497 -7.69626 
 4498 -7.75651 
 4499 -7.77 
 4500 -7.79579 
 4501 -7.67345 
 4502 -7.72652 
 4503 -7.79644 
 4504 -7.81592 
 4505 -7.74765 
 4506 -7.72576 
 4507 -7.72362 
 4508 -7.69738 
 4509 -7.6957 
 4510 -7.66876 
 4511 -7.5853 
 4512 -7.56433 
 4513 -7.62637 
 4514 -7.66837 
 4515 -7.64853 
 4516 -7.63889 
 4517 -7.54974 
 4518 -7.64726 
 4519 -7.58944 
 4520 -7.6541 
 4521 -7.68488 
 4522 -7.68334 
 4523 -7.69 
 4524 -7.71797 
 4525 -7.67011 
 4526 -7.72259 
 4527 -7.64112 
 4528 -7.61944 
 4529 -7.68408 
 4530 -7.63422 
 4531 -7.70244 
 4532 -7.67253 
 4533 -7.72313 
 4534 -7.72916 
 4535 -7.66945 
 4536 -7.65445 
 4537 -7.67886 
 4538 -7.65881 
 4539 -7.61096 
 4540 -7.56033 
 4541 -7.58266 
 4542 -7.56282 
 4543 -7.56777 
 4544 -7.58166 
 4545 -7.59035 
 4546 -7.61662 
 4547 -7.67059 
 4548 -7.65477 
 4549 -7.5993 
 4550 -7.58776 
 4551 -7.61894 
 4552 -7.59947 
 4553 -7.57946 
 4554 -7.59573 
 4555 -7.58104 
 4556 -7.60827 
 4557 -7.61836 
 4558 -7.63986 
 4559 -7.65103 
 4560 -7.61217 
 4561 -7.5145 
 4562 -7.4765 
 4563 -7.44386 
 4564 -7.50069 
 4565 -7.43662 
 4566 -7.44864 
 4567 -7.47825 
 4568 -7.57966 
 4569 -7.55112 
 4570 -7.51594 
 4571 -7.61915 
 4572 -7.60109 
 4573 -7.57591 
 4574 -7.5192 
 4575 -7.51351 
 4576 -7.53533 
 4577 -7.50562 
 4578 -7.54825 
 4579 -7.57833 
 4580 -7.60996 
 4581 -7.59514 
 4582 -7.54714 
 4583 -7.57372 
 4584 -7.62061 
 4585 -7.63692 
 4586 -7.66225 
 4587 -7.65169 
 4588 -7.63055 
 4589 -7.65029 
 4590 -7.68518 
 4591 -7.62314 
 4592 -7.58789 
 4593 -7.5615 
 4594 -7.44496 
 4595 -7.48904 
 4596 -7.4468 
 4597 -7.46508 
 4598 -7.44802 
 4599 -7.52022 
 4600 -7.46393 
 4601 -7.55726 
 4602 -7.50779 
 4603 -7.4698 
 4604 -7.43795 
 4605 -7.36538 
 4606 -7.38063 
 4607 -7.3444 
 4608 -7.28178 
 4609 -7.33926 
 4610 -7.40616 
 4611 -7.40494 
 4612 -7.41409 
 4613 -7.41732 
 4614 -7.44874 
 4615 -7.37108 
 4616 -7.3728 
 4617 -7.46041 
 4618 -7.46689 
 4619 -7.49312 
 4620 -7.42244 
 4621 -7.51277 
 4622 -7.4058 
 4623 -7.49482 
 4624 -7.62137 
 4625 -7.57783 
 4626 -7.59124 
 4627 -7.66374 
 4628 -7.70907 
 4629 -7.58536 
 4630 -7.62322 
 4631 -7.52528 
 4632 -7.60354 
 4633 -7.45865 
 4634 -7.48936 
 4635 -7.50404 
 4636 -7.54676 
 4637 -7.56759 
 4638 -7.5236 
 4639 -7.55454 
 4640 -7.45218 
 4641 -7.49133 
 4642 -7.42769 
 4643 -7.43601 
 4644 -7.38871 
 4645 -7.41217 
 4646 -7.42325 
 4647 -7.44363 
 4648 -7.43642 
 4649 -7.52849 
 4650 -7.52765 
 4651 -7.49215 
 4652 -7.52553 
 4653 -7.49917 
 4654 -7.48757 
 4655 -7.40225 
 4656 -7.51151 
 4657 -7.48538 
 4658 -7.47995 
 4659 -7.60225 
 4660 -7.56947 
 4661 -7.55175 
 4662 -7.55026 
 4663 -7.5106 
 4664 -7.56857 
 4665 -7.51856 
 4666 -7.51536 
 4667 -7.59221 
 4668 -7.62805 
 4669 -7.61597 
 4670 -7.66222 
 4671 -7.67671 
 4672 -7.633 
 4673 -7.57794 
 4674 -7.6325 
 4675 -7.61266 
 4676 -7.58267 
 4677 -7.57649 
 4678 -7.54813 
 4679 -7.4996 
 4680 -7.53533 
 4681 -7.53804 
 4682 -7.54934 
 4683 -7.58851 
 4684 -7.65281 
 4685 -7.61145 
 4686 -7.57875 
 4687 -7.64958 
 4688 -7.55241 
 4689 -7.60062 
 4690 -7.54952 
 4691 -7.52337 
 4692 -7.59254 
 4693 -7.61562 
 4694 -7.61235 
 4695 -7.71745 
 4696 -7.73028 
 4697 -7.7022 
 4698 -7.66731 
 4699 -7.64109 
 4700 -7.57579 
 4701 -7.70216 
 4702 -7.73199 
 4703 -7.68411 
 4704 -7.73664 
 4705 -7.67342 
 4706 -7.7246 
 4707 -7.80083 
 4708 -7.80997 
 4709 -7.8177 
 4710 -7.8311 
 4711 -7.78421 
 4712 -7.67023 
 4713 -7.63391 
 4714 -7.54688 
 4715 -7.5543 
 4716 -7.5692 
 4717 -7.55908 
 4718 -7.4577 
 4719 -7.46947 
 4720 -7.45625 
 4721 -7.46625 
 4722 -7.44132 
 4723 -7.43934 
 4724 -7.47667 
 4725 -7.53421 
 4726 -7.46708 
 4727 -7.47152 
 4728 -7.41152 
 4729 -7.49388 
 4730 -7.46604 
 4731 -7.45482 
 4732 -7.43703 
 4733 -7.46988 
 4734 -7.48368 
 4735 -7.52975 
 4736 -7.51794 
 4737 -7.46976 
 4738 -7.46896 
 4739 -7.49292 
 4740 -7.49645 
 4741 -7.37911 
 4742 -7.46493 
 4743 -7.51446 
 4744 -7.4987 
 4745 -7.44104 
 4746 -7.35818 
 4747 -7.31229 
 4748 -7.41156 
 4749 -7.52329 
 4750 -7.59193 
 4751 -7.51493 
 4752 -7.53293 
 4753 -7.50355 
 4754 -7.48514 
 4755 -7.43555 
 4756 -7.44094 
 4757 -7.51735 
 4758 -7.47571 
 4759 -7.4549 
 4760 -7.49579 
 4761 -7.48606 
 4762 -7.44734 
 4763 -7.38911 
 4764 -7.42623 
 4765 -7.3789 
 4766 -7.43476 
 4767 -7.39759 
 4768 -7.40751 
 4769 -7.40269 
 4770 -7.40312 
 4771 -7.37256 
 4772 -7.5116 
 4773 -7.48347 
 4774 -7.47795 
 4775 -7.47708 
 4776 -7.47978 
 4777 -7.50747 
 4778 -7.44692 
 4779 -7.45297 
 4780 -7.53739 
 4781 -7.55304 
 4782 -7.45413 
 4783 -7.4826 
 4784 -7.50708 
 4785 -7.52676 
 4786 -7.52431 
 4787 -7.54376 
 4788 -7.56758 
 4789 -7.53015 
 4790 -7.47265 
 4791 -7.50763 
 4792 -7.51276 
 4793 -7.47918 
 4794 -7.43469 
 4795 -7.41085 
 4796 -7.416 
 4797 -7.40258 
 4798 -7.37795 
 4799 -7.34897 
 4800 -7.39681 
 4801 -7.34824 
 4802 -7.31271 
 4803 -7.38999 
 4804 -7.44202 
 4805 -7.44613 
 4806 -7.43356 
 4807 -7.36693 
 4808 -7.43199 
 4809 -7.42635 
 4810 -7.48994 
 4811 -7.5169 
 4812 -7.55701 
 4813 -7.58464 
 4814 -7.62598 
 4815 -7.60478 
 4816 -7.57421 
 4817 -7.54884 
 4818 -7.62634 
 4819 -7.62258 
 4820 -7.64995 
 4821 -7.6203 
 4822 -7.51019 
 4823 -7.51414 
 4824 -7.50629 
 4825 -7.53725 
 4826 -7.56654 
 4827 -7.59663 
 4828 -7.60086 
 4829 -7.57246 
 4830 -7.53708 
 4831 -7.61046 
 4832 -7.56301 
 4833 -7.55624 
 4834 -7.52976 
 4835 -7.53893 
 4836 -7.5104 
 4837 -7.50513 
 4838 -7.50758 
 4839 -7.5141 
 4840 -7.48657 
 4841 -7.49499 
 4842 -7.43666 
 4843 -7.45907 
 4844 -7.50456 
 4845 -7.54746 
 4846 -7.6159 
 4847 -7.59139 
 4848 -7.52455 
 4849 -7.52822 
 4850 -7.52078 
 4851 -7.5425 
 4852 -7.61589 
 4853 -7.63581 
 4854 -7.62436 
 4855 -7.60327 
 4856 -7.63116 
 4857 -7.54688 
 4858 -7.52815 
 4859 -7.55876 
 4860 -7.60705 
 4861 -7.55378 
 4862 -7.54277 
 4863 -7.47509 
 4864 -7.49451 
 4865 -7.5497 
 4866 -7.64475 
 4867 -7.64669 
 4868 -7.62197 
 4869 -7.54815 
 4870 -7.49206 
 4871 -7.54869 
 4872 -7.47268 
 4873 -7.5421 
 4874 -7.58083 
 4875 -7.64005 
 4876 -7.65722 
 4877 -7.59402 
 4878 -7.64453 
 4879 -7.61158 
 4880 -7.53587 
 4881 -7.56588 
 4882 -7.61318 
 4883 -7.61945 
 4884 -7.58683 
 4885 -7.55657 
 4886 -7.46274 
 4887 -7.38717 
 4888 -7.38528 
 4889 -7.39317 
 4890 -7.44563 
 4891 -7.50912 
 4892 -7.54941 
 4893 -7.57503 
 4894 -7.56163 
 4895 -7.58211 
 4896 -7.53984 
 4897 -7.50822 
 4898 -7.52732 
 4899 -7.48847 
 4900 -7.53167 
 4901 -7.60379 
 4902 -7.65226 
 4903 -7.62074 
 4904 -7.51884 
 4905 -7.45628 
 4906 -7.50564 
 4907 -7.48128 
 4908 -7.48393 
 4909 -7.55319 
 4910 -7.54671 
 4911 -7.56347 
 4912 -7.52964 
 4913 -7.55122 
 4914 -7.57271 
 4915 -7.51463 
 4916 -7.50808 
 4917 -7.47901 
 4918 -7.48334 
 4919 -7.48879 
 4920 -7.41804 
 4921 -7.42171 
 4922 -7.47502 
 4923 -7.54257 
 4924 -7.47043 
 4925 -7.57412 
 4926 -7.53747 
 4927 -7.54393 
 4928 -7.50938 
 4929 -7.5078 
 4930 -7.52642 
 4931 -7.57565 
 4932 -7.57205 
 4933 -7.55923 
 4934 -7.51674 
 4935 -7.53435 
 4936 -7.52642 
 4937 -7.49608 
 4938 -7.56649 
 4939 -7.5304 
 4940 -7.43371 
 4941 -7.41316 
 4942 -7.50853 
 4943 -7.5162 
 4944 -7.48326 
 4945 -7.48583 
 4946 -7.47714 
 4947 -7.49014 
 4948 -7.5718 
 4949 -7.54623 
 4950 -7.61429 
 4951 -7.52183 
 4952 -7.62574 
 4953 -7.61594 
 4954 -7.65428 
 4955 -7.57434 
 4956 -7.66345 
 4957 -7.56978 
 4958 -7.55248 
 4959 -7.54601 
 4960 -7.57388 
 4961 -7.55229 
 4962 -7.56006 
 4963 -7.57272 
 4964 -7.5664 
 4965 -7.5593 
 4966 -7.57517 
 4967 -7.63574 
 4968 -7.66636 
 4969 -7.67557 
 4970 -7.66588 
 4971 -7.60914 
 4972 -7.56161 
 4973 -7.53696 
 4974 -7.61113 
 4975 -7.62112 
 4976 -7.64927 
 4977 -7.64193 
 4978 -7.64887 
 4979 -7.60624 
 4980 -7.67894 
 4981 -7.6457 
 4982 -7.61592 
 4983 -7.64043 
 4984 -7.62252 
 4985 -7.64084 
 4986 -7.62655 
 4987 -7.67621 
 4988 -7.67504 
 4989 -7.69825 
 4990 -7.61735 
 4991 -7.6975 
 4992 -7.66728 
 4993 -7.61096 
 4994 -7.56009 
 4995 -7.61521 
 4996 -7.58168 
 4997 -7.56458 
 4998 -7.48078 
 4999 -7.45778 
 5000 -7.39301 
